local Waypoints = {
    Vector3.new(-1458.9, -158.0, -997.0),
    Vector3.new(-1458.8, -158.0, -994.4),
    Vector3.new(-1458.8, -158.0, -991.0),
    Vector3.new(-1458.7, -158.1, -988.9),
    Vector3.new(-1458.6, -158.1, -985.4),
    Vector3.new(-1458.5, -158.2, -979.3),
    Vector3.new(-1458.4, -158.2, -974.1),
    Vector3.new(-1458.3, -158.3, -968.9),
    Vector3.new(-1458.1, -158.3, -963.4),
    Vector3.new(-1458.0, -158.4, -958.9),
    Vector3.new(-1457.9, -158.5, -953.6),
    Vector3.new(-1457.8, -158.5, -948.5),
    Vector3.new(-1457.7, -158.6, -943.3),
    Vector3.new(-1457.6, -158.6, -938.0),
    Vector3.new(-1457.4, -158.7, -932.9),
    Vector3.new(-1457.3, -158.7, -927.6),
    Vector3.new(-1457.2, -158.8, -922.6),
    Vector3.new(-1457.1, -158.9, -917.5),
    Vector3.new(-1456.9, -158.9, -910.9),
    Vector3.new(-1456.8, -159.0, -903.6),
    Vector3.new(-1456.6, -159.1, -897.3),
    Vector3.new(-1456.5, -159.1, -892.0),
    Vector3.new(-1456.4, -159.2, -886.8),
    Vector3.new(-1456.3, -159.3, -881.2),
    Vector3.new(-1456.1, -159.3, -875.4),
    Vector3.new(-1456.0, -159.4, -869.0),
    Vector3.new(-1455.8, -159.5, -860.3),
    Vector3.new(-1450.5, -159.5, -863.1),
    Vector3.new(-1445.5, -159.5, -865.6),
    Vector3.new(-1436.7, -159.5, -870.2),
    Vector3.new(-1435.7, -158.8, -862.8),
    Vector3.new(-1434.8, -158.2, -856.2),
    Vector3.new(-1434.0, -157.7, -850.9),
    Vector3.new(-1433.2, -157.2, -845.0),
    Vector3.new(-1432.4, -156.7, -839.2),
    Vector3.new(-1431.7, -156.2, -833.8),
    Vector3.new(-1431.7, -154.6, -828.6),
    Vector3.new(-1431.6, -152.9, -823.3),
    Vector3.new(-1431.6, -151.3, -818.2),
    Vector3.new(-1431.6, -149.5, -812.6),
    Vector3.new(-1431.5, -147.9, -807.3),
    Vector3.new(-1431.5, -146.1, -801.7),
    Vector3.new(-1431.5, -144.2, -795.7),
    Vector3.new(-1431.5, -143.2, -792.5),
    Vector3.new(-1431.4, -142.5, -790.2),
    Vector3.new(-1431.4, -141.8, -788.0),
    Vector3.new(-1431.4, -141.1, -785.7),
    Vector3.new(-1431.4, -140.4, -783.4),
    Vector3.new(-1431.4, -139.5, -780.6),
    Vector3.new(-1431.4, -138.7, -778.0),
    Vector3.new(-1431.4, -138.0, -775.9),
    Vector3.new(-1431.3, -137.3, -773.8),
    Vector3.new(-1431.3, -136.7, -771.7),
    Vector3.new(-1431.3, -136.0, -769.6),
    Vector3.new(-1431.3, -135.4, -767.6),
    Vector3.new(-1431.3, -134.7, -765.5),
    Vector3.new(-1431.3, -134.0, -763.1),
    Vector3.new(-1431.3, -133.3, -761.0),
    Vector3.new(-1431.3, -132.6, -758.8),
    Vector3.new(-1431.2, -131.9, -756.4),
    Vector3.new(-1431.2, -131.2, -754.3),
    Vector3.new(-1431.2, -130.5, -752.2),
    Vector3.new(-1431.2, -129.9, -750.1),
    Vector3.new(-1431.2, -129.2, -748.0),
    Vector3.new(-1431.2, -128.5, -745.8),
    Vector3.new(-1431.2, -127.9, -743.8),
    Vector3.new(-1431.2, -127.2, -741.7),
    Vector3.new(-1431.1, -126.6, -739.6),
    Vector3.new(-1431.1, -125.9, -737.4),
    Vector3.new(-1431.1, -124.2, -732.0),
    Vector3.new(-1431.1, -123.2, -728.7),
    Vector3.new(-1431.1, -122.4, -726.1),
    Vector3.new(-1431.1, -121.7, -724.0),
    Vector3.new(-1431.1, -120.9, -721.6),
    Vector3.new(-1431.1, -120.1, -719.0),
    Vector3.new(-1431.1, -119.4, -716.8),
    Vector3.new(-1431.1, -118.8, -714.8),
    Vector3.new(-1431.1, -118.1, -712.4),
    Vector3.new(-1431.1, -117.4, -710.3),
    Vector3.new(-1431.1, -116.7, -708.2),
    Vector3.new(-1431.1, -116.0, -705.9),
    Vector3.new(-1431.1, -115.3, -703.8),
    Vector3.new(-1431.1, -114.7, -701.7),
    Vector3.new(-1431.1, -114.0, -699.6),
    Vector3.new(-1431.1, -113.3, -697.4),
    Vector3.new(-1431.1, -112.6, -695.2),
    Vector3.new(-1431.1, -112.0, -693.3),
    Vector3.new(-1431.1, -111.4, -691.2),
    Vector3.new(-1431.1, -110.7, -688.9),
    Vector3.new(-1431.1, -110.0, -686.8),
    Vector3.new(-1431.1, -109.3, -684.5),
    Vector3.new(-1431.1, -108.6, -682.4),
    Vector3.new(-1431.2, -107.9, -680.2),
    Vector3.new(-1431.2, -107.3, -678.1),
    Vector3.new(-1431.2, -106.6, -675.9),
    Vector3.new(-1431.2, -105.9, -673.8),
    Vector3.new(-1431.2, -105.2, -671.6),
    Vector3.new(-1431.2, -104.5, -669.4),
    Vector3.new(-1431.2, -103.9, -667.3),
    Vector3.new(-1431.2, -103.2, -665.3),
    Vector3.new(-1431.2, -102.4, -662.6),
    Vector3.new(-1431.2, -101.6, -660.1),
    Vector3.new(-1431.2, -100.6, -656.8),
    Vector3.new(-1431.2, -100.0, -654.9),
    Vector3.new(-1431.2, -99.3, -652.7),
    Vector3.new(-1431.2, -98.4, -650.0),
    Vector3.new(-1431.2, -97.6, -647.4),
    Vector3.new(-1431.2, -96.9, -645.2),
    Vector3.new(-1431.2, -96.3, -643.2),
    Vector3.new(-1431.2, -95.6, -641.0),
    Vector3.new(-1431.2, -94.9, -638.8),
    Vector3.new(-1431.2, -94.2, -636.5),
    Vector3.new(-1431.2, -92.5, -631.1),
    Vector3.new(-1431.1, -91.9, -628.8),
    Vector3.new(-1431.0, -91.4, -626.5),
    Vector3.new(-1430.9, -90.8, -624.3),
    Vector3.new(-1430.8, -90.3, -622.0),
    Vector3.new(-1430.7, -89.7, -619.7),
    Vector3.new(-1430.6, -89.1, -617.3),
    Vector3.new(-1430.5, -88.5, -614.9),
    Vector3.new(-1430.4, -88.0, -612.5),
    Vector3.new(-1430.4, -87.4, -610.2),
    Vector3.new(-1430.3, -86.8, -607.8),
    Vector3.new(-1430.2, -86.2, -605.3),
    Vector3.new(-1430.1, -85.7, -603.1),
    Vector3.new(-1430.0, -85.1, -600.5),
    Vector3.new(-1429.8, -84.3, -597.5),
    Vector3.new(-1429.7, -83.7, -594.7),
    Vector3.new(-1429.6, -83.0, -592.2),
    Vector3.new(-1429.5, -82.5, -589.8),
    Vector3.new(-1429.4, -81.9, -587.5),
    Vector3.new(-1429.3, -81.2, -584.6),
    Vector3.new(-1429.1, -79.7, -578.3),
    Vector3.new(-1428.9, -78.5, -573.5),
    Vector3.new(-1428.7, -77.2, -568.1),
    Vector3.new(-1428.4, -75.7, -562.0),
    Vector3.new(-1428.2, -74.2, -555.7),
    Vector3.new(-1427.9, -72.6, -549.4),
    Vector3.new(-1427.7, -71.2, -543.7),
    Vector3.new(-1427.5, -70.0, -538.5),
    Vector3.new(-1427.2, -68.4, -532.0),
    Vector3.new(-1432.0, -68.4, -529.3),
    Vector3.new(-1437.0, -68.4, -526.4),
    Vector3.new(-1443.1, -68.4, -522.9),
    Vector3.new(-1448.8, -68.4, -519.6),
    Vector3.new(-1455.0, -68.4, -516.1),
    Vector3.new(-1454.9, -68.4, -509.8),
    Vector3.new(-1454.7, -68.3, -503.4),
    Vector3.new(-1454.5, -68.3, -497.1),
    Vector3.new(-1454.4, -68.2, -489.8),
    Vector3.new(-1454.2, -68.2, -483.8),
    Vector3.new(-1454.1, -68.2, -478.0),
    Vector3.new(-1453.9, -68.1, -470.8),
    Vector3.new(-1453.8, -68.1, -464.6),
    Vector3.new(-1453.6, -68.0, -458.6),
    Vector3.new(-1453.5, -68.0, -452.2),
    Vector3.new(-1453.3, -68.0, -445.9),
    Vector3.new(-1453.1, -67.9, -436.4),
    Vector3.new(-1453.2, -66.0, -428.8),
    Vector3.new(-1453.3, -64.4, -422.3),
    Vector3.new(-1453.4, -62.9, -416.4),
    Vector3.new(-1453.5, -61.5, -410.8),
    Vector3.new(-1453.6, -60.0, -404.7),
    Vector3.new(-1453.7, -58.5, -398.9),
    Vector3.new(-1453.8, -56.8, -392.0),
    Vector3.new(-1453.8, -56.7, -384.5),
    Vector3.new(-1453.7, -56.7, -378.4),
    Vector3.new(-1453.7, -56.6, -372.8),
    Vector3.new(-1453.7, -56.5, -366.7),
    Vector3.new(-1453.6, -56.5, -360.5),
    Vector3.new(-1453.6, -56.4, -353.5),
    Vector3.new(-1453.6, -56.3, -348.0),
    Vector3.new(-1453.6, -56.3, -345.5),
    Vector3.new(-1453.6, -56.3, -343.2),
    Vector3.new(-1453.5, -56.2, -340.9),
    Vector3.new(-1453.5, -56.2, -336.5),
    Vector3.new(-1453.5, -56.2, -333.5),
    Vector3.new(-1453.5, -56.1, -330.7),
    Vector3.new(-1453.5, -56.1, -328.4),
    Vector3.new(-1453.5, -56.1, -326.1),
    Vector3.new(-1453.5, -56.0, -323.7),
    Vector3.new(-1453.5, -56.0, -321.3),
    Vector3.new(-1453.4, -55.9, -314.6),
    Vector3.new(-1453.4, -55.9, -310.3),
    Vector3.new(-1453.4, -55.9, -307.2),
    Vector3.new(-1453.4, -55.9, -304.4),
    Vector3.new(-1453.4, -55.9, -301.9),
    Vector3.new(-1453.4, -55.9, -299.7),
    Vector3.new(-1453.4, -55.9, -297.3),
    Vector3.new(-1453.4, -55.9, -295.0),
    Vector3.new(-1453.4, -55.9, -292.4),
    Vector3.new(-1453.4, -55.9, -290.1),
    Vector3.new(-1453.4, -55.9, -287.8),
    Vector3.new(-1453.4, -55.9, -285.4),
    Vector3.new(-1453.4, -55.9, -282.9),
    Vector3.new(-1453.4, -55.9, -280.6),
    Vector3.new(-1453.4, -55.9, -278.2),
    Vector3.new(-1453.4, -55.9, -276.0),
    Vector3.new(-1453.4, -55.9, -273.6),
    Vector3.new(-1453.4, -55.9, -271.3),
    Vector3.new(-1453.4, -55.9, -269.0),
    Vector3.new(-1453.4, -55.9, -266.7),
    Vector3.new(-1453.4, -55.9, -264.4),
    Vector3.new(-1453.4, -55.9, -262.1),
    Vector3.new(-1453.5, -55.9, -259.7),
    Vector3.new(-1453.5, -55.9, -257.5),
    Vector3.new(-1453.5, -55.9, -255.2),
    Vector3.new(-1453.5, -55.9, -252.9),
    Vector3.new(-1453.5, -55.9, -250.6),
    Vector3.new(-1453.5, -55.9, -248.4),
    Vector3.new(-1453.5, -55.9, -246.1),
    Vector3.new(-1453.5, -55.9, -243.9),
    Vector3.new(-1453.5, -55.9, -241.6),
    Vector3.new(-1453.5, -55.9, -239.3),
    Vector3.new(-1453.5, -56.0, -237.1),
    Vector3.new(-1453.5, -56.0, -234.9),
    Vector3.new(-1453.5, -56.0, -231.7),
    Vector3.new(-1453.5, -56.0, -228.8),
    Vector3.new(-1453.5, -56.0, -226.0),
    Vector3.new(-1453.5, -56.0, -223.6),
    Vector3.new(-1453.5, -56.0, -221.2),
    Vector3.new(-1453.5, -56.0, -218.9),
    Vector3.new(-1453.5, -56.0, -216.7),
    Vector3.new(-1453.5, -56.0, -214.6),
    Vector3.new(-1453.5, -56.0, -212.3),
    Vector3.new(-1453.5, -56.0, -209.6),
    Vector3.new(-1453.5, -56.0, -206.4),
    Vector3.new(-1453.5, -56.0, -203.4),
    Vector3.new(-1453.5, -56.0, -200.8),
    Vector3.new(-1453.5, -56.0, -197.2),
    Vector3.new(-1453.5, -56.0, -193.4),
    Vector3.new(-1453.5, -56.0, -189.5),
    Vector3.new(-1453.5, -56.0, -185.9),
    Vector3.new(-1453.5, -56.0, -181.7),
    Vector3.new(-1453.5, -56.0, -177.7),
    Vector3.new(-1453.5, -56.0, -174.4),
    Vector3.new(-1453.5, -56.0, -166.3),
    Vector3.new(-1453.6, -56.0, -160.7),
    Vector3.new(-1453.6, -56.0, -153.8),
    Vector3.new(-1453.6, -56.0, -147.9),
    Vector3.new(-1453.6, -56.0, -141.9),
    Vector3.new(-1453.6, -56.0, -136.1),
    Vector3.new(-1453.6, -56.0, -130.6),
    Vector3.new(-1453.6, -56.0, -121.0),
    Vector3.new(-1453.6, -56.0, -113.8),
    Vector3.new(-1453.6, -56.0, -107.1),
    Vector3.new(-1453.6, -56.0, -95.4),
    Vector3.new(-1453.6, -56.1, -88.2),
    Vector3.new(-1453.6, -56.1, -82.0),
    Vector3.new(-1453.6, -56.1, -76.2),
    Vector3.new(-1453.6, -56.1, -70.5),
    Vector3.new(-1453.7, -56.1, -64.7),
    Vector3.new(-1453.7, -56.1, -58.9),
    Vector3.new(-1453.7, -56.1, -52.7),
    Vector3.new(-1453.7, -56.1, -46.5),
    Vector3.new(-1453.7, -56.1, -40.8),
    Vector3.new(-1453.7, -56.1, -35.1),
    Vector3.new(-1453.7, -56.1, -29.3),
    Vector3.new(-1453.7, -56.1, -23.8),
    Vector3.new(-1453.7, -56.1, -19.3),
    Vector3.new(-1453.7, -56.1, -13.7),
    Vector3.new(-1453.7, -56.1, -8.0),
    Vector3.new(-1453.7, -56.1, -2.3),
    Vector3.new(-1453.7, -56.1, 3.4),
    Vector3.new(-1453.7, -56.0, 9.2),
    Vector3.new(-1453.7, -56.0, 15.5),
    Vector3.new(-1453.7, -56.0, 21.6),
    Vector3.new(-1453.7, -56.0, 27.3),
    Vector3.new(-1453.7, -56.0, 33.6),
    Vector3.new(-1453.7, -56.0, 39.8),
    Vector3.new(-1453.7, -56.0, 45.7),
    Vector3.new(-1453.7, -56.0, 52.1),
    Vector3.new(-1453.7, -56.0, 58.5),
    Vector3.new(-1453.7, -55.9, 64.5),
    Vector3.new(-1453.7, -55.9, 70.2),
    Vector3.new(-1453.7, -55.9, 76.0),
    Vector3.new(-1453.7, -55.9, 84.6),
    Vector3.new(-1453.7, -50.4, 84.6),
    Vector3.new(-1453.7, -45.0, 84.6),
    Vector3.new(-1453.7, -41.8, 84.6),
    Vector3.new(-1453.7, -39.5, 84.6),
    Vector3.new(-1453.7, -37.4, 84.6),
    Vector3.new(-1453.7, -35.1, 84.6),
    Vector3.new(-1453.7, -32.8, 84.6),
    Vector3.new(-1453.7, -30.4, 84.6),
    Vector3.new(-1453.7, -27.7, 84.6),
    Vector3.new(-1453.7, -24.3, 84.6),
    Vector3.new(-1453.7, -21.0, 84.6),
    Vector3.new(-1453.7, -18.0, 84.6),
    Vector3.new(-1453.7, -13.7, 84.6),
    Vector3.new(-1453.7, -11.2, 84.6),
    Vector3.new(-1453.7, -8.9, 84.6),
    Vector3.new(-1453.7, -6.6, 84.6),
    Vector3.new(-1453.7, -4.2, 84.6),
    Vector3.new(-1453.7, -1.9, 84.6),
    Vector3.new(-1453.7, 0.3, 84.6),
    Vector3.new(-1453.7, 2.5, 84.6),
    Vector3.new(-1453.7, 4.8, 84.6),
    Vector3.new(-1453.7, 7.0, 84.6),
    Vector3.new(-1453.7, 9.6, 84.6),
    Vector3.new(-1453.7, 12.2, 84.6),
    Vector3.new(-1453.7, 14.4, 84.6),
    Vector3.new(-1453.7, 16.7, 84.6),
    Vector3.new(-1453.7, 18.9, 84.6),
    Vector3.new(-1453.7, 21.1, 84.6),
    Vector3.new(-1453.7, 23.3, 84.6),
    Vector3.new(-1453.7, 25.6, 84.6),
    Vector3.new(-1453.7, 27.8, 84.6),
    Vector3.new(-1453.7, 30.0, 84.6),
    Vector3.new(-1453.7, 32.3, 84.6),
    Vector3.new(-1453.7, 34.6, 84.6),
    Vector3.new(-1453.7, 37.0, 84.6),
    Vector3.new(-1453.7, 39.2, 84.6),
    Vector3.new(-1453.7, 41.5, 84.6),
    Vector3.new(-1453.7, 43.7, 84.6),
    Vector3.new(-1453.7, 45.9, 84.6),
    Vector3.new(-1453.7, 48.1, 84.6),
    Vector3.new(-1453.7, 50.4, 84.6),
    Vector3.new(-1453.7, 52.7, 84.6),
    Vector3.new(-1453.7, 55.0, 84.6),
    Vector3.new(-1453.7, 57.3, 84.6),
    Vector3.new(-1453.7, 59.8, 84.6),
    Vector3.new(-1453.7, 62.2, 84.6),
    Vector3.new(-1453.7, 64.5, 84.6),
    Vector3.new(-1453.7, 67.7, 84.6),
    Vector3.new(-1453.7, 70.1, 84.6),
    Vector3.new(-1453.7, 72.4, 84.6),
    Vector3.new(-1453.7, 74.9, 84.6),
    Vector3.new(-1453.7, 77.5, 84.6),
    Vector3.new(-1453.7, 79.8, 84.6),
    Vector3.new(-1453.7, 82.1, 84.6),
    Vector3.new(-1453.7, 84.4, 84.6),
    Vector3.new(-1453.7, 89.3, 84.6),
    Vector3.new(-1453.7, 89.8, 87.2),
    Vector3.new(-1453.7, 90.2, 89.7),
    Vector3.new(-1453.8, 91.1, 94.8),
    Vector3.new(-1451.5, 91.1, 94.4),
    Vector3.new(-1442.9, 91.1, 93.1),
    Vector3.new(-1438.6, 91.1, 92.4),
    Vector3.new(-1434.1, 91.1, 91.7),
    Vector3.new(-1434.1, 93.4, 91.8),
    Vector3.new(-1434.1, 95.7, 91.8),
    Vector3.new(-1434.1, 98.1, 91.9),
    Vector3.new(-1434.1, 100.4, 92.0),
    Vector3.new(-1434.1, 102.6, 92.1),
    Vector3.new(-1434.1, 104.8, 92.1),
    Vector3.new(-1434.1, 107.1, 92.2),
    Vector3.new(-1434.1, 109.4, 92.3),
    Vector3.new(-1434.1, 111.6, 92.3),
    Vector3.new(-1434.1, 113.9, 92.4),
    Vector3.new(-1434.1, 116.2, 92.5),
    Vector3.new(-1434.1, 118.5, 92.5),
    Vector3.new(-1434.1, 120.9, 92.6),
    Vector3.new(-1434.1, 123.2, 92.7),
    Vector3.new(-1434.1, 125.5, 92.8),
    Vector3.new(-1434.1, 127.7, 92.8),
    Vector3.new(-1434.1, 130.0, 92.9),
    Vector3.new(-1434.1, 132.5, 93.0),
    Vector3.new(-1434.1, 135.2, 93.1),
    Vector3.new(-1434.1, 137.6, 93.1),
    Vector3.new(-1434.1, 140.2, 93.2),
    Vector3.new(-1434.1, 142.7, 93.3),
    Vector3.new(-1434.1, 145.3, 93.4),
    Vector3.new(-1434.1, 147.8, 93.4),
    Vector3.new(-1434.1, 150.4, 93.5),
    Vector3.new(-1434.0, 152.9, 93.6),
    Vector3.new(-1434.0, 155.5, 93.7),
    Vector3.new(-1434.0, 158.0, 93.8),
    Vector3.new(-1434.0, 160.5, 93.8),
    Vector3.new(-1434.0, 163.0, 93.9),
    Vector3.new(-1434.0, 165.5, 94.0),
    Vector3.new(-1434.0, 168.0, 94.1),
    Vector3.new(-1434.0, 170.6, 94.2),
    Vector3.new(-1434.0, 173.4, 94.2),
    Vector3.new(-1434.0, 175.9, 94.3),
    Vector3.new(-1434.0, 178.4, 94.4),
    Vector3.new(-1434.0, 181.1, 94.5),
    Vector3.new(-1434.0, 183.7, 94.6),
    Vector3.new(-1434.0, 186.1, 94.6),
    Vector3.new(-1434.0, 188.5, 94.7),
    Vector3.new(-1434.0, 191.0, 94.8),
    Vector3.new(-1434.0, 193.4, 94.9),
    Vector3.new(-1434.0, 196.0, 94.9),
    Vector3.new(-1434.0, 198.5, 95.0),
    Vector3.new(-1434.0, 201.1, 95.1),
    Vector3.new(-1434.0, 203.6, 95.2),
    Vector3.new(-1434.0, 206.2, 95.3),
    Vector3.new(-1434.0, 211.0, 95.4),
    Vector3.new(-1434.1, 212.4, 97.0),
    Vector3.new(-1434.2, 216.1, 101.1),
    Vector3.new(-1435.6, 216.1, 103.3),
    Vector3.new(-1437.0, 216.1, 105.5),
    Vector3.new(-1438.3, 216.1, 107.6),
    Vector3.new(-1439.6, 216.1, 109.8),
    Vector3.new(-1441.0, 216.1, 111.9),
    Vector3.new(-1442.4, 216.1, 114.2),
    Vector3.new(-1443.7, 216.1, 116.3),
    Vector3.new(-1445.1, 216.1, 118.5),
    Vector3.new(-1446.5, 216.1, 120.7),
    Vector3.new(-1447.9, 216.1, 123.0),
    Vector3.new(-1449.3, 216.1, 125.2),
    Vector3.new(-1452.7, 216.1, 130.7),
    Vector3.new(-1452.7, 216.6, 133.4),
    Vector3.new(-1452.8, 217.0, 136.0),
    Vector3.new(-1452.8, 217.4, 138.7),
    Vector3.new(-1452.9, 217.9, 141.3),
    Vector3.new(-1452.9, 218.3, 144.0),
    Vector3.new(-1453.0, 218.8, 146.7),
    Vector3.new(-1453.0, 219.2, 149.3),
    Vector3.new(-1453.1, 219.7, 152.1),
    Vector3.new(-1453.2, 221.1, 160.6),
    Vector3.new(-1453.3, 221.8, 164.8),
    Vector3.new(-1453.3, 222.2, 167.5),
    Vector3.new(-1453.4, 222.8, 170.9),
    Vector3.new(-1453.5, 223.7, 176.3),
    Vector3.new(-1453.5, 223.7, 179.0),
    Vector3.new(-1453.6, 223.8, 181.7),
    Vector3.new(-1453.6, 223.8, 184.4),
    Vector3.new(-1453.7, 223.9, 187.2),
    Vector3.new(-1453.7, 223.9, 189.8),
    Vector3.new(-1453.8, 223.9, 192.4),
    Vector3.new(-1453.8, 224.0, 195.1),
    Vector3.new(-1453.9, 224.0, 197.9),
    Vector3.new(-1453.9, 224.1, 200.7),
    Vector3.new(-1454.0, 224.1, 203.9),
    Vector3.new(-1454.0, 224.2, 206.7),
    Vector3.new(-1454.1, 224.2, 209.4),
    Vector3.new(-1454.1, 224.2, 212.1),
    Vector3.new(-1454.1, 224.3, 214.7),
    Vector3.new(-1454.2, 224.3, 217.3),
    Vector3.new(-1454.2, 224.4, 220.0),
    Vector3.new(-1454.3, 224.4, 222.7),
    Vector3.new(-1454.4, 224.5, 229.6),
    Vector3.new(-1454.4, 224.0, 235.5),
    Vector3.new(-1454.4, 223.5, 241.4),
    Vector3.new(-1454.4, 223.1, 247.0),
    Vector3.new(-1454.5, 222.6, 252.5),
    Vector3.new(-1454.5, 222.2, 258.1),
    Vector3.new(-1454.5, 221.7, 264.2),
    Vector3.new(-1454.5, 221.2, 270.7),
    Vector3.new(-1454.5, 220.7, 276.8),
    Vector3.new(-1454.6, 220.2, 282.6),
    Vector3.new(-1454.6, 219.7, 288.5),
    Vector3.new(-1454.6, 219.2, 295.0),
    Vector3.new(-1454.6, 218.6, 301.7),
    Vector3.new(-1454.6, 218.1, 308.7),
    Vector3.new(-1454.6, 217.5, 315.6),
    Vector3.new(-1454.7, 217.0, 321.8),
    Vector3.new(-1454.7, 216.5, 328.2),
    Vector3.new(-1454.7, 215.9, 335.3),
    Vector3.new(-1454.7, 215.9, 341.3),
    Vector3.new(-1454.7, 215.9, 347.5),
    Vector3.new(-1454.7, 215.9, 353.8),
    Vector3.new(-1454.7, 215.9, 359.8),
    Vector3.new(-1454.7, 215.9, 365.8),
    Vector3.new(-1454.7, 215.9, 372.7),
    Vector3.new(-1454.7, 215.9, 381.4),
    Vector3.new(-1454.6, 215.9, 388.3),
    Vector3.new(-1454.6, 215.9, 394.2),
    Vector3.new(-1454.6, 215.9, 400.5),
    Vector3.new(-1454.6, 215.9, 406.6),
    Vector3.new(-1454.6, 215.9, 412.7),
    Vector3.new(-1454.6, 215.9, 418.4),
    Vector3.new(-1454.6, 215.9, 424.6),
    Vector3.new(-1454.6, 215.9, 430.7),
    Vector3.new(-1454.6, 215.9, 437.1),
    Vector3.new(-1454.6, 215.9, 444.7),
    Vector3.new(-1454.6, 215.9, 451.7),
    Vector3.new(-1454.6, 215.9, 459.2),
    Vector3.new(-1454.6, 215.9, 466.4),
    Vector3.new(-1454.6, 215.9, 477.1),
    Vector3.new(-1454.5, 215.8, 483.8),
    Vector3.new(-1454.5, 215.8, 490.6),
    Vector3.new(-1454.5, 215.8, 497.2),
    Vector3.new(-1454.5, 215.8, 505.5),
    Vector3.new(-1454.5, 215.8, 512.0),
    Vector3.new(-1454.5, 215.8, 518.3),
    Vector3.new(-1454.5, 215.8, 524.6),
    Vector3.new(-1454.5, 215.8, 534.9),
    Vector3.new(-1454.5, 215.8, 542.3),
    Vector3.new(-1454.5, 215.8, 549.7),
    Vector3.new(-1454.5, 215.8, 556.4),
    Vector3.new(-1454.5, 215.8, 568.7),
    Vector3.new(-1454.5, 215.8, 575.7),
    Vector3.new(-1454.4, 215.8, 581.4),
    Vector3.new(-1454.4, 215.8, 589.8),
    Vector3.new(-1454.4, 215.8, 597.8),
    Vector3.new(-1454.4, 215.8, 604.0),
    Vector3.new(-1454.4, 215.8, 610.5),
    Vector3.new(-1454.4, 215.8, 616.4),
    Vector3.new(-1454.4, 215.8, 622.7),
    Vector3.new(-1454.4, 215.8, 627.4),
    Vector3.new(-1454.4, 226.8, 627.4),
    Vector3.new(-1454.4, 233.4, 627.4),
    Vector3.new(-1454.4, 240.5, 627.4),
    Vector3.new(-1454.4, 246.4, 627.4),
    Vector3.new(-1454.4, 252.1, 627.4),
    Vector3.new(-1454.4, 259.4, 627.4),
    Vector3.new(-1454.4, 265.7, 627.4),
    Vector3.new(-1454.4, 271.4, 627.4),
    Vector3.new(-1454.4, 277.2, 627.4),
    Vector3.new(-1454.4, 283.7, 627.4),
    Vector3.new(-1454.4, 289.5, 627.4),
    Vector3.new(-1454.4, 295.2, 627.4),
    Vector3.new(-1454.4, 301.0, 627.4),
    Vector3.new(-1454.4, 306.8, 627.4),
    Vector3.new(-1454.4, 313.4, 627.4),
    Vector3.new(-1454.4, 319.7, 627.4),
    Vector3.new(-1454.4, 325.6, 627.4),
    Vector3.new(-1454.4, 332.2, 627.4),
    Vector3.new(-1454.4, 338.5, 627.4),
    Vector3.new(-1454.4, 344.7, 627.4),
    Vector3.new(-1454.4, 351.3, 627.4),
    Vector3.new(-1454.4, 357.7, 627.4),
    Vector3.new(-1454.4, 366.4, 627.4),
    Vector3.new(-1454.5, 365.5, 620.9),
    Vector3.new(-1454.6, 364.6, 614.5),
    Vector3.new(-1454.7, 363.7, 608.3),
    Vector3.new(-1454.8, 362.7, 601.1),
    Vector3.new(-1454.9, 361.9, 595.2),
    Vector3.new(-1455.0, 361.8, 588.6),
    Vector3.new(-1455.0, 361.8, 582.8),
    Vector3.new(-1455.0, 361.8, 577.1),
    Vector3.new(-1455.1, 361.7, 571.3),
    Vector3.new(-1455.1, 361.7, 565.7),
    Vector3.new(-1455.2, 361.6, 560.3),
    Vector3.new(-1455.2, 361.6, 555.3),
    Vector3.new(-1455.3, 361.5, 550.0),
    Vector3.new(-1455.3, 361.5, 544.5),
    Vector3.new(-1455.4, 361.4, 538.7),
    Vector3.new(-1455.4, 361.4, 532.6),
    Vector3.new(-1455.5, 361.3, 526.3),
    Vector3.new(-1455.5, 361.3, 520.1),
    Vector3.new(-1455.6, 361.2, 513.8),
    Vector3.new(-1455.6, 361.2, 507.5),
    Vector3.new(-1455.7, 361.1, 501.3),
    Vector3.new(-1455.7, 361.1, 496.5),
    Vector3.new(-1448.0, 361.1, 496.4),
    Vector3.new(-1440.9, 361.1, 496.3),
    Vector3.new(-1434.1, 361.1, 496.1),
    Vector3.new(-1427.4, 361.1, 496.0),
    Vector3.new(-1420.9, 361.1, 495.9),
    Vector3.new(-1414.3, 361.1, 495.8),
    Vector3.new(-1407.2, 361.1, 495.7),
    Vector3.new(-1400.6, 361.1, 495.6),
    Vector3.new(-1397.4, 361.1, 495.5),
    Vector3.new(-1394.3, 361.1, 495.5),
    Vector3.new(-1390.8, 361.1, 495.4),
    Vector3.new(-1387.8, 361.1, 495.4),
    Vector3.new(-1384.7, 361.1, 495.3),
    Vector3.new(-1381.5, 361.1, 495.3),
    Vector3.new(-1378.4, 361.1, 495.2),
    Vector3.new(-1375.2, 361.1, 495.1),
    Vector3.new(-1372.0, 361.1, 495.1),
    Vector3.new(-1368.9, 361.1, 495.0),
    Vector3.new(-1365.8, 361.1, 495.0),
    Vector3.new(-1362.6, 361.1, 494.9),
    Vector3.new(-1359.4, 361.1, 494.9),
    Vector3.new(-1356.2, 361.1, 494.8),
    Vector3.new(-1353.1, 361.1, 494.8),
    Vector3.new(-1348.8, 361.1, 494.7),
    Vector3.new(-1345.6, 361.4, 494.7),
    Vector3.new(-1342.4, 361.7, 494.7),
    Vector3.new(-1339.2, 361.9, 494.7),
    Vector3.new(-1336.1, 362.2, 494.8),
    Vector3.new(-1333.0, 362.5, 494.8),
    Vector3.new(-1327.1, 363.0, 494.8),
    Vector3.new(-1324.2, 362.0, 494.9),
    Vector3.new(-1321.1, 361.0, 494.9),
    Vector3.new(-1318.0, 360.0, 495.0),
    Vector3.new(-1315.0, 359.0, 495.0),
    Vector3.new(-1312.0, 358.0, 495.1),
    Vector3.new(-1308.9, 356.9, 495.1),
    Vector3.new(-1305.8, 355.9, 495.2),
    Vector3.new(-1302.9, 354.9, 495.2),
    Vector3.new(-1299.8, 353.9, 495.3),
    Vector3.new(-1296.7, 352.9, 495.3),
    Vector3.new(-1293.6, 351.9, 495.4),
    Vector3.new(-1290.3, 350.8, 495.5),
    Vector3.new(-1287.0, 349.7, 495.5),
    Vector3.new(-1283.8, 348.6, 495.6),
    Vector3.new(-1280.7, 347.6, 495.6),
    Vector3.new(-1277.7, 346.6, 495.7),
    Vector3.new(-1274.7, 345.6, 495.7),
    Vector3.new(-1271.8, 344.6, 495.8),
    Vector3.new(-1268.8, 343.6, 495.8),
    Vector3.new(-1265.8, 342.6, 495.9),
    Vector3.new(-1262.8, 341.6, 496.0),
    Vector3.new(-1259.4, 340.5, 496.0),
    Vector3.new(-1255.6, 339.2, 496.1),
    Vector3.new(-1252.0, 338.0, 496.2),
    Vector3.new(-1248.4, 336.8, 496.2),
    Vector3.new(-1243.8, 335.3, 496.3),
    Vector3.new(-1243.8, 333.9, 500.0),
    Vector3.new(-1243.8, 332.5, 503.6),
    Vector3.new(-1243.8, 331.1, 507.2),
    Vector3.new(-1243.8, 329.7, 510.8),
    Vector3.new(-1243.8, 328.4, 514.4),
    Vector3.new(-1243.8, 327.0, 518.1),
    Vector3.new(-1243.8, 325.6, 521.6),
    Vector3.new(-1243.8, 324.3, 525.1),
    Vector3.new(-1243.8, 322.8, 528.9),
    Vector3.new(-1243.8, 321.5, 532.3),
    Vector3.new(-1243.8, 320.2, 535.8),
    Vector3.new(-1243.8, 318.8, 539.3),
    Vector3.new(-1243.8, 317.5, 542.8),
    Vector3.new(-1243.8, 316.1, 546.4),
    Vector3.new(-1243.8, 314.8, 549.8),
    Vector3.new(-1243.8, 313.0, 554.6),
    Vector3.new(-1243.4, 313.9, 558.1),
    Vector3.new(-1242.9, 314.8, 561.7),
    Vector3.new(-1242.5, 315.7, 565.3),
    Vector3.new(-1242.0, 316.6, 568.9),
    Vector3.new(-1241.6, 317.5, 572.4),
    Vector3.new(-1241.1, 318.3, 575.9),
    Vector3.new(-1240.7, 319.2, 579.3),
    Vector3.new(-1240.3, 320.1, 582.9),
    Vector3.new(-1239.8, 321.0, 586.6),
    Vector3.new(-1239.4, 321.9, 590.0),
    Vector3.new(-1238.9, 322.7, 593.4),
    Vector3.new(-1238.5, 323.6, 597.0),
    Vector3.new(-1238.0, 324.5, 600.7),
    Vector3.new(-1237.5, 325.6, 605.0),
    Vector3.new(-1236.4, 326.1, 608.3),
    Vector3.new(-1235.3, 326.6, 611.6),
    Vector3.new(-1234.2, 327.2, 615.0),
    Vector3.new(-1233.1, 327.7, 618.3),
    Vector3.new(-1231.9, 328.2, 621.6),
    Vector3.new(-1230.8, 328.8, 625.1),
    Vector3.new(-1228.8, 329.7, 631.0),
    Vector3.new(-1230.7, 329.7, 637.3),
    Vector3.new(-1232.8, 329.7, 644.2),
    Vector3.new(-1234.7, 329.7, 650.4),
    Vector3.new(-1236.6, 329.7, 656.5),
    Vector3.new(-1238.5, 329.7, 662.6),
    Vector3.new(-1240.2, 329.7, 668.2),
    Vector3.new(-1241.9, 329.7, 674.0),
    Vector3.new(-1243.7, 329.7, 679.7),
    Vector3.new(-1245.2, 329.7, 684.7),
    Vector3.new(-1241.7, 330.0, 689.7),
    Vector3.new(-1238.2, 330.3, 694.9),
    Vector3.new(-1234.5, 330.6, 700.1),
    Vector3.new(-1231.1, 330.9, 705.2),
    Vector3.new(-1227.6, 331.2, 710.1),
    Vector3.new(-1223.1, 331.6, 716.7),
    Vector3.new(-1222.9, 332.4, 722.8),
    Vector3.new(-1222.7, 333.3, 729.6),
    Vector3.new(-1222.6, 334.1, 736.2),
    Vector3.new(-1222.4, 335.0, 742.5),
    Vector3.new(-1222.2, 335.8, 748.8),
    Vector3.new(-1222.0, 336.6, 755.0),
    Vector3.new(-1221.9, 337.4, 761.6),
    Vector3.new(-1221.7, 338.4, 768.6),
    Vector3.new(-1221.5, 339.3, 775.7),
    Vector3.new(-1221.1, 341.0, 789.1),
    Vector3.new(-1220.9, 342.1, 797.0),
    Vector3.new(-1220.7, 342.9, 803.4),
    Vector3.new(-1220.5, 343.7, 810.0),
    Vector3.new(-1220.3, 344.6, 816.4),
    Vector3.new(-1220.2, 345.4, 822.8),
    Vector3.new(-1220.0, 346.3, 829.3),
    Vector3.new(-1219.8, 347.1, 835.8),
    Vector3.new(-1226.2, 347.7, 836.1),
    Vector3.new(-1232.9, 348.2, 836.5),
    Vector3.new(-1239.4, 348.8, 836.8),
    Vector3.new(-1246.3, 349.4, 837.2),
    Vector3.new(-1253.0, 350.3, 837.5),
    Vector3.new(-1259.5, 351.1, 837.8),
    Vector3.new(-1266.0, 352.0, 838.1),
    Vector3.new(-1272.4, 352.8, 838.4),
    Vector3.new(-1278.9, 353.6, 838.7),
    Vector3.new(-1285.5, 354.5, 839.0),
    Vector3.new(-1292.0, 355.3, 839.3),
    Vector3.new(-1298.4, 356.2, 839.6),
    Vector3.new(-1305.3, 357.1, 839.9),
    Vector3.new(-1311.9, 357.9, 840.2),
    Vector3.new(-1318.5, 358.8, 840.5),
    Vector3.new(-1325.0, 359.6, 840.8),
    Vector3.new(-1332.2, 360.6, 841.2),
    Vector3.new(-1339.2, 361.5, 841.5),
    Vector3.new(-1345.8, 362.3, 841.8),
    Vector3.new(-1352.3, 363.2, 842.1),
    Vector3.new(-1358.7, 364.0, 842.4),
    Vector3.new(-1364.9, 364.8, 842.7),
    Vector3.new(-1369.5, 365.4, 842.9),
    Vector3.new(-1375.6, 364.1, 844.3),
    Vector3.new(-1381.7, 362.9, 845.6),
    Vector3.new(-1387.7, 361.6, 847.0),
    Vector3.new(-1393.8, 360.3, 848.3),
    Vector3.new(-1398.2, 359.4, 849.3),
    Vector3.new(-1398.4, 360.2, 842.8),
    Vector3.new(-1398.6, 361.0, 836.5),
    Vector3.new(-1398.8, 361.8, 830.0),
    Vector3.new(-1399.1, 362.6, 823.6),
    Vector3.new(-1399.3, 363.4, 817.2),
    Vector3.new(-1399.5, 364.1, 811.3),
    Vector3.new(-1399.6, 364.5, 807.9),
    Vector3.new(-1399.7, 365.0, 804.4),
    Vector3.new(-1399.8, 365.4, 801.0),
    Vector3.new(-1399.9, 365.8, 797.6),
    Vector3.new(-1400.1, 366.2, 794.1),
    Vector3.new(-1400.2, 366.7, 790.7),
    Vector3.new(-1400.3, 367.2, 786.6),
    Vector3.new(-1400.4, 367.6, 783.1),
    Vector3.new(-1400.5, 368.1, 779.4),
    Vector3.new(-1400.7, 368.5, 775.7),
    Vector3.new(-1400.8, 369.0, 771.9),
    Vector3.new(-1400.9, 369.4, 768.4),
    Vector3.new(-1401.0, 369.9, 764.9),
    Vector3.new(-1401.2, 370.3, 761.5),
    Vector3.new(-1401.3, 370.7, 757.9),
    Vector3.new(-1401.4, 371.2, 754.3),
    Vector3.new(-1401.5, 371.7, 750.4),
    Vector3.new(-1401.7, 372.2, 746.5),
    Vector3.new(-1401.8, 372.6, 743.0),
    Vector3.new(-1401.9, 373.0, 739.4),
    Vector3.new(-1402.1, 373.9, 732.7),
    Vector3.new(-1402.2, 374.3, 729.1),
    Vector3.new(-1402.4, 374.9, 724.3),
    Vector3.new(-1402.4, 378.5, 724.3),
    Vector3.new(-1402.4, 382.1, 724.3),
    Vector3.new(-1402.4, 385.7, 724.3),
    Vector3.new(-1402.4, 389.4, 724.3),
    Vector3.new(-1402.4, 393.0, 724.3),
    Vector3.new(-1402.4, 396.6, 724.3),
    Vector3.new(-1402.4, 400.2, 724.3),
    Vector3.new(-1402.4, 403.8, 724.3),
    Vector3.new(-1402.4, 407.4, 724.3),
    Vector3.new(-1402.4, 411.2, 724.3),
    Vector3.new(-1402.4, 414.8, 724.3),
    Vector3.new(-1402.4, 418.4, 724.3),
    Vector3.new(-1402.4, 421.9, 724.3),
    Vector3.new(-1402.4, 425.6, 724.3),
    Vector3.new(-1402.4, 429.1, 724.3),
    Vector3.new(-1402.4, 432.8, 724.3),
    Vector3.new(-1402.4, 436.4, 724.3),
    Vector3.new(-1402.4, 440.0, 724.3),
    Vector3.new(-1402.4, 443.8, 724.3),
    Vector3.new(-1402.4, 448.3, 724.3),
    Vector3.new(-1402.4, 452.0, 724.3),
    Vector3.new(-1402.4, 455.6, 724.3),
    Vector3.new(-1402.4, 459.2, 724.3),
    Vector3.new(-1402.4, 462.8, 724.3),
    Vector3.new(-1402.4, 466.5, 724.3),
    Vector3.new(-1402.4, 470.0, 724.3),
    Vector3.new(-1402.4, 473.7, 724.3),
    Vector3.new(-1402.4, 477.3, 724.3),
    Vector3.new(-1402.4, 481.4, 724.3),
    Vector3.new(-1402.4, 485.0, 724.3),
    Vector3.new(-1402.4, 488.6, 724.3),
    Vector3.new(-1402.4, 492.2, 724.3),
    Vector3.new(-1402.4, 495.9, 724.3),
    Vector3.new(-1402.4, 499.6, 724.3),
    Vector3.new(-1402.4, 503.5, 724.3),
    Vector3.new(-1402.4, 507.0, 724.3),
    Vector3.new(-1402.4, 510.7, 724.3),
    Vector3.new(-1402.4, 514.3, 724.3),
    Vector3.new(-1402.4, 518.1, 724.3),
    Vector3.new(-1402.4, 521.9, 724.3),
    Vector3.new(-1402.4, 525.5, 724.3),
    Vector3.new(-1402.4, 531.3, 724.3),
    Vector3.new(-1402.4, 535.5, 724.3),
    Vector3.new(-1402.4, 539.1, 724.3),
    Vector3.new(-1402.4, 543.0, 724.3),
    Vector3.new(-1402.4, 546.7, 724.3),
    Vector3.new(-1402.4, 550.5, 724.3),
    Vector3.new(-1402.4, 554.1, 724.3),
    Vector3.new(-1402.4, 557.8, 724.3),
    Vector3.new(-1402.4, 564.1, 724.3),
    Vector3.new(-1402.6, 561.5, 727.1),
    Vector3.new(-1402.8, 559.1, 729.7),
    Vector3.new(-1403.0, 556.6, 732.3),
    Vector3.new(-1403.2, 554.2, 735.0),
    Vector3.new(-1403.4, 551.7, 737.6),
    Vector3.new(-1403.6, 549.2, 740.3),
    Vector3.new(-1403.8, 546.8, 743.0),
    Vector3.new(-1404.0, 544.3, 745.6),
    Vector3.new(-1404.2, 541.8, 748.3),
    Vector3.new(-1404.5, 539.3, 751.0),
    Vector3.new(-1404.7, 536.8, 753.7),
    Vector3.new(-1404.9, 533.9, 756.8),
    Vector3.new(-1404.7, 533.9, 760.5),
    Vector3.new(-1404.6, 533.9, 764.1),
    Vector3.new(-1404.4, 533.9, 768.0),
    Vector3.new(-1404.2, 533.9, 772.0),
    Vector3.new(-1404.0, 533.9, 775.9),
    Vector3.new(-1403.9, 533.9, 779.5),
    Vector3.new(-1403.6, 533.9, 785.8),
    Vector3.new(-1406.2, 533.9, 788.3),
    Vector3.new(-1408.9, 533.9, 790.8),
    Vector3.new(-1411.6, 533.9, 793.3),
    Vector3.new(-1414.3, 533.9, 795.8),
    Vector3.new(-1417.0, 533.9, 798.4),
    Vector3.new(-1419.8, 533.9, 801.0),
    Vector3.new(-1422.4, 533.9, 803.5),
    Vector3.new(-1425.2, 533.9, 806.1),
    Vector3.new(-1427.9, 533.9, 808.6),
    Vector3.new(-1430.7, 533.9, 811.3),
    Vector3.new(-1433.4, 533.9, 813.8),
    Vector3.new(-1436.1, 533.9, 816.4),
    Vector3.new(-1438.8, 533.9, 818.9),
    Vector3.new(-1441.9, 533.9, 821.8),
    Vector3.new(-1445.0, 533.9, 824.7),
    Vector3.new(-1447.6, 533.9, 827.2),
    Vector3.new(-1450.3, 533.9, 829.7),
    Vector3.new(-1453.0, 533.9, 832.3),
    Vector3.new(-1455.8, 533.9, 834.8),
    Vector3.new(-1458.5, 533.9, 837.4),
    Vector3.new(-1461.4, 533.9, 840.1),
    Vector3.new(-1464.0, 533.9, 842.6),
    Vector3.new(-1466.7, 533.9, 845.1),
    Vector3.new(-1469.4, 533.9, 847.7),
    Vector3.new(-1472.1, 533.9, 850.2),
    Vector3.new(-1474.8, 533.9, 852.7),
    Vector3.new(-1477.6, 533.9, 855.3),
    Vector3.new(-1480.3, 533.9, 857.8),
    Vector3.new(-1483.0, 533.9, 860.4),
    Vector3.new(-1485.8, 533.9, 863.1),
    Vector3.new(-1488.8, 533.9, 865.9),
    Vector3.new(-1491.7, 533.9, 868.6),
    Vector3.new(-1494.6, 533.9, 871.3),
    Vector3.new(-1497.4, 533.9, 873.9),
    Vector3.new(-1500.0, 533.9, 876.4),
    Vector3.new(-1502.8, 533.9, 879.0),
    Vector3.new(-1505.7, 533.9, 881.7),
    Vector3.new(-1508.7, 533.9, 884.6),
    Vector3.new(-1511.5, 533.9, 887.2),
    Vector3.new(-1514.2, 533.9, 889.7),
    Vector3.new(-1516.9, 533.9, 892.3),
    Vector3.new(-1519.7, 533.9, 894.9),
    Vector3.new(-1522.4, 533.9, 897.4),
    Vector3.new(-1525.1, 533.9, 900.0),
    Vector3.new(-1527.9, 533.9, 902.6),
    Vector3.new(-1530.7, 533.9, 905.2),
    Vector3.new(-1533.4, 533.9, 907.8),
    Vector3.new(-1536.2, 533.9, 910.4),
    Vector3.new(-1538.9, 533.9, 912.9),
    Vector3.new(-1541.7, 533.9, 915.5),
    Vector3.new(-1544.9, 533.9, 918.6),
    Vector3.new(-1547.8, 533.9, 921.3),
    Vector3.new(-1550.5, 533.9, 923.9),
    Vector3.new(-1553.3, 533.9, 926.5),
    Vector3.new(-1556.4, 533.9, 929.4),
    Vector3.new(-1559.2, 533.9, 932.0),
    Vector3.new(-1561.8, 533.9, 934.5),
    Vector3.new(-1564.6, 533.9, 937.1),
    Vector3.new(-1567.5, 533.9, 939.8),
    Vector3.new(-1571.0, 533.9, 943.1),
    Vector3.new(-1574.0, 533.9, 945.9),
    Vector3.new(-1576.9, 533.9, 948.6),
    Vector3.new(-1579.7, 533.9, 951.3),
    Vector3.new(-1582.5, 533.9, 953.9),
    Vector3.new(-1585.4, 533.9, 956.6),
    Vector3.new(-1588.1, 533.9, 959.2),
    Vector3.new(-1591.0, 533.9, 961.9),
    Vector3.new(-1593.9, 533.9, 964.6),
    Vector3.new(-1596.7, 533.9, 967.2),
    Vector3.new(-1599.5, 533.9, 969.9),
    Vector3.new(-1602.8, 533.9, 973.0),
    Vector3.new(-1605.5, 533.9, 975.5),
    Vector3.new(-1608.3, 533.9, 978.2),
    Vector3.new(-1611.0, 533.9, 980.7),
    Vector3.new(-1613.9, 533.9, 983.4),
    Vector3.new(-1616.8, 533.9, 986.1),
    Vector3.new(-1619.6, 533.9, 988.8),
    Vector3.new(-1622.3, 533.9, 991.4),
    Vector3.new(-1625.1, 533.9, 994.0),
    Vector3.new(-1628.0, 533.9, 996.7),
    Vector3.new(-1630.9, 533.9, 999.4),
    Vector3.new(-1633.8, 533.9, 1002.1),
    Vector3.new(-1636.9, 533.9, 1005.0),
    Vector3.new(-1640.2, 533.9, 1008.1),
    Vector3.new(-1643.1, 533.9, 1010.9),
    Vector3.new(-1645.9, 533.9, 1013.5),
    Vector3.new(-1648.7, 533.9, 1016.1),
    Vector3.new(-1654.1, 533.9, 1021.2),
    Vector3.new(-1651.5, 533.9, 1024.2),
    Vector3.new(-1645.7, 533.9, 1030.8),
    Vector3.new(-1641.7, 533.9, 1035.4),
    Vector3.new(-1637.8, 533.9, 1039.8),
    Vector3.new(-1634.0, 533.9, 1044.2),
    Vector3.new(-1629.9, 533.9, 1048.9),
    Vector3.new(-1626.0, 533.9, 1053.4),
    Vector3.new(-1621.9, 533.9, 1058.0),
    Vector3.new(-1618.0, 533.9, 1062.5),
    Vector3.new(-1614.1, 533.9, 1067.0),
    Vector3.new(-1610.1, 533.9, 1071.6),
    Vector3.new(-1605.8, 533.9, 1076.5),
    Vector3.new(-1601.7, 533.9, 1081.2),
    Vector3.new(-1597.3, 533.9, 1086.2),
    Vector3.new(-1592.9, 533.9, 1091.2),
    Vector3.new(-1588.3, 533.9, 1096.5),
    Vector3.new(-1584.0, 533.9, 1101.5),
    Vector3.new(-1579.3, 533.9, 1106.8),
    Vector3.new(-1574.8, 533.9, 1112.0),
    Vector3.new(-1570.2, 533.9, 1117.2),
    Vector3.new(-1565.5, 533.9, 1122.6),
    Vector3.new(-1560.1, 533.9, 1128.8),
    Vector3.new(-1555.0, 533.9, 1134.7),
    Vector3.new(-1549.6, 533.9, 1140.8),
    Vector3.new(-1544.4, 533.9, 1146.7),
    Vector3.new(-1539.2, 533.9, 1152.7),
    Vector3.new(-1533.7, 533.9, 1158.9),
    Vector3.new(-1528.7, 533.9, 1164.7),
    Vector3.new(-1523.8, 533.9, 1170.3),
    Vector3.new(-1518.8, 533.9, 1176.0),
    Vector3.new(-1514.0, 533.9, 1181.5),
    Vector3.new(-1509.2, 533.9, 1187.0),
    Vector3.new(-1504.4, 533.9, 1192.5),
    Vector3.new(-1499.6, 533.9, 1198.1),
    Vector3.new(-1494.5, 533.9, 1203.8),
    Vector3.new(-1489.6, 533.9, 1209.5),
    Vector3.new(-1484.4, 533.9, 1215.4),
    Vector3.new(-1479.4, 533.9, 1221.1),
    Vector3.new(-1476.5, 533.9, 1224.4),
    Vector3.new(-1473.7, 533.9, 1227.6),
    Vector3.new(-1470.8, 533.9, 1231.0),
    Vector3.new(-1468.2, 533.9, 1233.9),
    Vector3.new(-1465.6, 533.9, 1236.9),
    Vector3.new(-1462.9, 533.9, 1240.0),
    Vector3.new(-1460.3, 533.9, 1243.0),
    Vector3.new(-1457.5, 533.9, 1246.1),
    Vector3.new(-1453.9, 533.9, 1250.3),
    Vector3.new(-1451.2, 533.9, 1253.5),
    Vector3.new(-1448.1, 533.9, 1257.0),
    Vector3.new(-1445.4, 533.9, 1260.1),
    Vector3.new(-1442.5, 533.9, 1263.4),
    Vector3.new(-1439.7, 533.9, 1266.5),
    Vector3.new(-1437.1, 533.9, 1269.5),
    Vector3.new(-1434.5, 533.9, 1272.6),
    Vector3.new(-1431.8, 533.9, 1275.6),
    Vector3.new(-1429.3, 533.9, 1278.5),
    Vector3.new(-1426.8, 533.9, 1281.4),
    Vector3.new(-1424.2, 533.9, 1284.3),
    Vector3.new(-1421.7, 533.9, 1287.2),
    Vector3.new(-1419.1, 533.9, 1290.1),
    Vector3.new(-1416.5, 533.9, 1293.1),
    Vector3.new(-1413.9, 533.9, 1296.1),
    Vector3.new(-1411.2, 533.9, 1299.2),
    Vector3.new(-1408.3, 533.9, 1302.5),
    Vector3.new(-1405.5, 533.9, 1305.7),
    Vector3.new(-1405.5, 534.0, 1309.7),
    Vector3.new(-1405.5, 534.1, 1316.2),
    Vector3.new(-1405.4, 534.2, 1322.2),
    Vector3.new(-1405.4, 534.3, 1328.4),
    Vector3.new(-1405.4, 534.4, 1334.9),
    Vector3.new(-1405.4, 534.5, 1340.1),
    Vector3.new(-1405.3, 534.5, 1345.1),
    Vector3.new(-1405.3, 534.6, 1350.2),
    Vector3.new(-1405.3, 534.7, 1355.2),
    Vector3.new(-1405.3, 534.8, 1360.3),
    Vector3.new(-1405.3, 534.9, 1365.3),
    Vector3.new(-1405.2, 534.9, 1369.9),
    Vector3.new(-1405.2, 535.0, 1373.8),
    Vector3.new(-1405.2, 535.1, 1377.5),
    Vector3.new(-1405.2, 535.1, 1381.3),
    Vector3.new(-1405.2, 535.2, 1385.3),
    Vector3.new(-1405.2, 535.3, 1389.1),
    Vector3.new(-1405.2, 535.3, 1392.9),
    Vector3.new(-1405.1, 535.4, 1396.7),
    Vector3.new(-1405.1, 535.5, 1400.8),
    Vector3.new(-1405.1, 535.5, 1404.7),
    Vector3.new(-1405.1, 535.6, 1408.6),
    Vector3.new(-1405.1, 535.6, 1412.4),
    Vector3.new(-1405.1, 535.7, 1416.5),
    Vector3.new(-1405.0, 535.8, 1420.4),
    Vector3.new(-1405.0, 535.8, 1424.2),
    Vector3.new(-1405.0, 535.9, 1428.1),
    Vector3.new(-1405.0, 536.0, 1432.0),
    Vector3.new(-1405.0, 536.0, 1435.9),
    Vector3.new(-1405.0, 536.1, 1443.3),
    Vector3.new(-1404.9, 536.2, 1449.5),
    Vector3.new(-1404.9, 536.4, 1457.2),
    Vector3.new(-1404.9, 536.5, 1463.5),
    Vector3.new(-1404.9, 536.6, 1469.6),
    Vector3.new(-1404.8, 536.7, 1477.0),
    Vector3.new(-1404.8, 536.8, 1483.4),
    Vector3.new(-1409.9, 535.4, 1481.5),
    Vector3.new(-1414.8, 534.2, 1479.8),
    Vector3.new(-1421.9, 532.3, 1477.2),
    Vector3.new(-1428.4, 530.6, 1474.9),
    Vector3.new(-1434.9, 528.9, 1472.5),
    Vector3.new(-1441.5, 527.1, 1470.1),
    Vector3.new(-1452.5, 524.3, 1466.2),
    Vector3.new(-1460.5, 522.1, 1463.3),
    Vector3.new(-1466.9, 520.5, 1461.0),
    Vector3.new(-1473.3, 518.8, 1458.7),
    Vector3.new(-1479.9, 517.0, 1456.3),
    Vector3.new(-1486.6, 515.3, 1453.9),
    Vector3.new(-1493.0, 513.6, 1451.6),
    Vector3.new(-1499.4, 511.9, 1449.3),
    Vector3.new(-1507.1, 509.9, 1446.5),
    Vector3.new(-1514.1, 509.9, 1446.5),
    Vector3.new(-1521.1, 509.9, 1446.5),
    Vector3.new(-1528.4, 509.9, 1446.5),
    Vector3.new(-1533.8, 509.9, 1446.5),
    Vector3.new(-1538.8, 509.9, 1446.5),
    Vector3.new(-1544.0, 509.9, 1446.5),
    Vector3.new(-1549.4, 509.9, 1446.5),
    Vector3.new(-1555.1, 509.9, 1446.5),
    Vector3.new(-1560.0, 509.9, 1446.5),
    Vector3.new(-1564.9, 509.9, 1446.5),
    Vector3.new(-1569.9, 509.9, 1446.5),
    Vector3.new(-1574.9, 509.9, 1446.5),
    Vector3.new(-1580.0, 509.9, 1446.5),
    Vector3.new(-1584.3, 509.9, 1446.5),
    Vector3.new(-1588.2, 509.9, 1446.5),
    Vector3.new(-1592.2, 509.9, 1446.5),
    Vector3.new(-1596.9, 509.9, 1446.5),
    Vector3.new(-1600.7, 509.9, 1446.5),
    Vector3.new(-1604.5, 509.9, 1446.5),
    Vector3.new(-1608.2, 509.9, 1446.5),
    Vector3.new(-1612.1, 509.9, 1446.5),
    Vector3.new(-1616.3, 509.9, 1446.5),
    Vector3.new(-1620.3, 509.9, 1446.6),
    Vector3.new(-1624.3, 509.9, 1446.6),
    Vector3.new(-1628.4, 509.9, 1446.6),
    Vector3.new(-1632.4, 509.9, 1446.6),
    Vector3.new(-1636.4, 509.9, 1446.6),
    Vector3.new(-1640.4, 509.9, 1446.6),
    Vector3.new(-1644.5, 509.9, 1446.6),
    Vector3.new(-1649.2, 509.9, 1446.6),
    Vector3.new(-1653.3, 509.9, 1446.6),
    Vector3.new(-1657.7, 509.9, 1446.6),
    Vector3.new(-1661.9, 509.9, 1446.6),
    Vector3.new(-1666.1, 509.9, 1446.6),
    Vector3.new(-1670.3, 509.9, 1446.6),
    Vector3.new(-1674.6, 509.9, 1446.6),
    Vector3.new(-1678.8, 509.9, 1446.6),
    Vector3.new(-1683.1, 509.9, 1446.6),
    Vector3.new(-1687.3, 509.9, 1446.6),
    Vector3.new(-1691.6, 509.9, 1446.6),
    Vector3.new(-1695.8, 509.9, 1446.6),
    Vector3.new(-1699.9, 509.9, 1446.6),
    Vector3.new(-1704.4, 509.9, 1446.6),
    Vector3.new(-1710.8, 509.9, 1446.6),
    Vector3.new(-1715.5, 509.9, 1446.6),
    Vector3.new(-1719.5, 509.9, 1446.6),
    Vector3.new(-1723.4, 509.9, 1446.6),
    Vector3.new(-1727.5, 509.9, 1446.6),
    Vector3.new(-1731.5, 509.9, 1446.6),
    Vector3.new(-1735.6, 509.9, 1446.6),
    Vector3.new(-1744.0, 509.9, 1446.6),
    Vector3.new(-1749.0, 509.9, 1446.6),
    Vector3.new(-1753.0, 509.9, 1446.6),
    Vector3.new(-1756.9, 509.9, 1446.6),
    Vector3.new(-1761.1, 509.9, 1446.6),
    Vector3.new(-1765.9, 509.9, 1446.6),
    Vector3.new(-1771.1, 509.9, 1446.6),
    Vector3.new(-1775.2, 509.9, 1446.6),
    Vector3.new(-1780.4, 509.9, 1446.6),
    Vector3.new(-1785.7, 509.9, 1446.6),
    Vector3.new(-1790.6, 509.9, 1446.6),
    Vector3.new(-1795.2, 509.9, 1446.6),
    Vector3.new(-1800.0, 509.9, 1446.6),
    Vector3.new(-1804.8, 509.9, 1446.6),
    Vector3.new(-1809.4, 509.9, 1446.6),
    Vector3.new(-1813.7, 509.9, 1446.6),
    Vector3.new(-1821.9, 509.9, 1446.6),
    Vector3.new(-1828.9, 509.9, 1446.6),
    Vector3.new(-1835.9, 509.9, 1446.6),
    Vector3.new(-1843.0, 509.9, 1446.7),
    Vector3.new(-1850.5, 509.9, 1446.7),
    Vector3.new(-1857.9, 509.9, 1446.7),
    Vector3.new(-1865.0, 509.9, 1446.7),
    Vector3.new(-1872.1, 509.9, 1446.7),
    Vector3.new(-1879.4, 509.9, 1446.7),
    Vector3.new(-1886.4, 509.9, 1446.7),
    Vector3.new(-1893.6, 509.9, 1446.7),
    Vector3.new(-1901.3, 509.9, 1446.7),
    Vector3.new(-1908.1, 509.9, 1446.7),
    Vector3.new(-1915.2, 509.9, 1446.7),
    Vector3.new(-1922.2, 509.9, 1446.7),
    Vector3.new(-1930.2, 509.9, 1446.7),
    Vector3.new(-1937.3, 509.9, 1446.7),
    Vector3.new(-1944.3, 509.9, 1446.7),
    Vector3.new(-1953.5, 509.9, 1446.7),
    Vector3.new(-1961.4, 509.9, 1446.8),
    Vector3.new(-1969.0, 509.9, 1446.9),
    Vector3.new(-1976.7, 509.9, 1446.9),
    Vector3.new(-1982.8, 509.9, 1447.0),
    Vector3.new(-1987.1, 509.9, 1447.0),
    Vector3.new(-1992.1, 509.9, 1447.1),
    Vector3.new(-1996.3, 509.9, 1447.1),
    Vector3.new(-2000.3, 509.9, 1447.2),
    Vector3.new(-2004.8, 509.9, 1447.2),
    Vector3.new(-2009.2, 509.9, 1447.3),
    Vector3.new(-2013.5, 509.9, 1447.3),
    Vector3.new(-2017.7, 509.9, 1447.3),
    Vector3.new(-2022.1, 509.9, 1447.4),
    Vector3.new(-2026.2, 509.9, 1447.4),
    Vector3.new(-2034.4, 509.9, 1447.5),
    Vector3.new(-2037.7, 508.8, 1451.0),
    Vector3.new(-2040.6, 507.9, 1454.1),
    Vector3.new(-2043.3, 507.0, 1456.9),
    Vector3.new(-2045.9, 506.2, 1459.8),
    Vector3.new(-2052.7, 504.0, 1466.9),
    Vector3.new(-2056.3, 502.8, 1470.8),
    Vector3.new(-2059.2, 501.9, 1473.8),
    Vector3.new(-2061.8, 501.1, 1476.6),
    Vector3.new(-2064.7, 500.1, 1479.6),
    Vector3.new(-2068.5, 498.9, 1483.7),
    Vector3.new(-2068.5, 494.9, 1483.7),
    Vector3.new(-2068.5, 490.8, 1483.7),
    Vector3.new(-2068.4, 486.6, 1483.7),
    Vector3.new(-2068.4, 482.7, 1483.7),
    Vector3.new(-2068.4, 478.1, 1483.7),
    Vector3.new(-2068.4, 473.5, 1483.7),
    Vector3.new(-2068.3, 469.3, 1483.7),
    Vector3.new(-2068.3, 465.0, 1483.7),
    Vector3.new(-2068.3, 460.6, 1483.7),
    Vector3.new(-2068.3, 455.9, 1483.7),
    Vector3.new(-2068.2, 452.0, 1483.7),
    Vector3.new(-2068.2, 448.1, 1483.7),
    Vector3.new(-2068.2, 443.9, 1483.7),
    Vector3.new(-2072.2, 443.9, 1483.7),
    Vector3.new(-2076.2, 444.0, 1483.7),
    Vector3.new(-2080.7, 444.0, 1483.8),
    Vector3.new(-2084.9, 444.0, 1483.8),
    Vector3.new(-2089.0, 444.1, 1483.8),
    Vector3.new(-2093.3, 444.1, 1483.8),
    Vector3.new(-2097.5, 444.1, 1483.8),
    Vector3.new(-2101.7, 444.2, 1483.8),
    Vector3.new(-2105.8, 444.2, 1483.9),
    Vector3.new(-2110.1, 444.3, 1483.9),
    Vector3.new(-2114.4, 444.3, 1483.9),
    Vector3.new(-2118.6, 444.3, 1483.9),
    Vector3.new(-2122.9, 444.4, 1483.9),
    Vector3.new(-2127.2, 444.4, 1483.9),
    Vector3.new(-2131.7, 444.4, 1484.0),
    Vector3.new(-2139.2, 444.5, 1484.0),
    Vector3.new(-2143.2, 445.6, 1484.0),
    Vector3.new(-2147.3, 446.7, 1484.1),
    Vector3.new(-2151.4, 447.8, 1484.1),
    Vector3.new(-2155.5, 448.9, 1484.2),
    Vector3.new(-2160.0, 450.1, 1484.2),
    Vector3.new(-2164.5, 451.3, 1484.3),
    Vector3.new(-2168.4, 452.3, 1484.3),
    Vector3.new(-2173.4, 451.9, 1484.3),
    Vector3.new(-2177.7, 451.5, 1484.4),
    Vector3.new(-2181.9, 451.1, 1484.4),
    Vector3.new(-2186.2, 450.7, 1484.4),
    Vector3.new(-2190.4, 450.4, 1484.4),
    Vector3.new(-2194.5, 450.0, 1484.5),
    Vector3.new(-2198.7, 449.7, 1484.5),
    Vector3.new(-2203.1, 449.3, 1484.5),
    Vector3.new(-2207.2, 448.9, 1484.5),
    Vector3.new(-2211.5, 448.5, 1484.6),
    Vector3.new(-2215.8, 448.2, 1484.6),
    Vector3.new(-2223.6, 447.5, 1484.7),
    Vector3.new(-2231.8, 446.8, 1484.7),
    Vector3.new(-2239.4, 446.1, 1484.8),
    Vector3.new(-2246.7, 445.5, 1484.8),
    Vector3.new(-2254.1, 444.8, 1484.8),
    Vector3.new(-2261.2, 444.2, 1484.9),
    Vector3.new(-2268.6, 443.5, 1484.9),
    Vector3.new(-2275.8, 442.9, 1485.0),
    Vector3.new(-2283.5, 442.2, 1485.0),
    Vector3.new(-2291.0, 441.6, 1485.1),
    Vector3.new(-2298.3, 440.9, 1485.1),
    Vector3.new(-2309.1, 440.0, 1485.2),
    Vector3.new(-2314.8, 441.5, 1485.1),
    Vector3.new(-2320.4, 442.9, 1485.1),
    Vector3.new(-2331.4, 445.8, 1485.0),
    Vector3.new(-2337.9, 447.5, 1484.9),
    Vector3.new(-2342.8, 448.8, 1484.9),
    Vector3.new(-2348.4, 448.5, 1484.9),
    Vector3.new(-2353.8, 448.2, 1484.8),
    Vector3.new(-2359.9, 447.9, 1484.7),
    Vector3.new(-2366.7, 447.6, 1484.7),
    Vector3.new(-2373.1, 447.3, 1484.6),
    Vector3.new(-2378.5, 447.0, 1484.6),
    Vector3.new(-2384.4, 446.7, 1484.5),
    Vector3.new(-2390.0, 446.4, 1484.5),
    Vector3.new(-2395.5, 446.1, 1484.4),
    Vector3.new(-2400.9, 445.8, 1484.4),
    Vector3.new(-2406.3, 445.6, 1484.3),
    Vector3.new(-2411.6, 445.3, 1484.3),
    Vector3.new(-2416.8, 445.0, 1484.3),
    Vector3.new(-2421.5, 444.8, 1484.2),
    Vector3.new(-2425.6, 444.6, 1484.2),
    Vector3.new(-2429.7, 444.4, 1484.1),
    Vector3.new(-2434.6, 444.1, 1484.1),
    Vector3.new(-2438.8, 443.9, 1484.1),
    Vector3.new(-2442.9, 443.7, 1484.0),
    Vector3.new(-2447.0, 443.5, 1484.0),
    Vector3.new(-2451.3, 443.3, 1483.9),
    Vector3.new(-2455.9, 443.0, 1483.9),
    Vector3.new(-2460.4, 442.8, 1483.9),
    Vector3.new(-2468.2, 442.4, 1483.8),
    Vector3.new(-2472.3, 443.6, 1483.8),
    Vector3.new(-2481.8, 446.4, 1483.9),
    Vector3.new(-2487.9, 448.2, 1483.9),
    Vector3.new(-2493.8, 449.9, 1483.9),
    Vector3.new(-2498.4, 451.3, 1484.0),
    Vector3.new(-2502.6, 452.5, 1484.0),
    Vector3.new(-2507.5, 454.0, 1484.0),
    Vector3.new(-2511.8, 455.2, 1484.0),
    Vector3.new(-2516.0, 456.5, 1484.0),
    Vector3.new(-2520.3, 457.7, 1484.1),
    Vector3.new(-2524.8, 459.0, 1484.1),
    Vector3.new(-2529.1, 460.3, 1484.1),
    Vector3.new(-2533.4, 461.6, 1484.1),
    Vector3.new(-2537.5, 462.8, 1484.1),
    Vector3.new(-2542.6, 464.3, 1484.2),
    Vector3.new(-2547.7, 465.8, 1484.2),
    Vector3.new(-2552.0, 465.4, 1484.2),
    Vector3.new(-2556.3, 465.0, 1484.3),
    Vector3.new(-2560.6, 464.7, 1484.3),
    Vector3.new(-2564.9, 464.3, 1484.3),
    Vector3.new(-2569.2, 463.9, 1484.4),
    Vector3.new(-2573.3, 463.5, 1484.4),
    Vector3.new(-2577.8, 463.1, 1484.5),
    Vector3.new(-2582.9, 462.7, 1484.5),
    Vector3.new(-2587.2, 462.3, 1484.5),
    Vector3.new(-2591.5, 461.9, 1484.6),
    Vector3.new(-2595.8, 461.5, 1484.6),
    Vector3.new(-2600.0, 461.1, 1484.6),
    Vector3.new(-2604.9, 460.7, 1484.7),
    Vector3.new(-2609.8, 460.3, 1484.7),
    Vector3.new(-2614.8, 459.8, 1484.8),
    Vector3.new(-2619.6, 459.4, 1484.8),
    Vector3.new(-2623.9, 459.0, 1484.9),
    Vector3.new(-2628.0, 458.6, 1484.9),
    Vector3.new(-2632.3, 458.3, 1484.9),
    Vector3.new(-2636.4, 457.9, 1485.0),
    Vector3.new(-2644.4, 457.2, 1485.0),
    Vector3.new(-2651.4, 456.6, 1485.1),
    Vector3.new(-2658.5, 455.9, 1485.1),
    Vector3.new(-2665.7, 455.3, 1485.2),
    Vector3.new(-2673.2, 454.6, 1485.3),
    Vector3.new(-2681.5, 453.9, 1485.3),
    Vector3.new(-2689.3, 453.2, 1485.4),
    Vector3.new(-2696.8, 452.5, 1485.5),
    Vector3.new(-2704.4, 451.8, 1485.5),
    Vector3.new(-2712.0, 451.2, 1485.6),
    Vector3.new(-2722.8, 450.2, 1485.7),
    Vector3.new(-2730.4, 451.2, 1485.8),
    Vector3.new(-2738.3, 452.2, 1485.8),
    Vector3.new(-2749.0, 453.5, 1485.9),
    Vector3.new(-2757.7, 454.6, 1486.0),
    Vector3.new(-2762.3, 455.2, 1486.0),
    Vector3.new(-2766.5, 455.8, 1486.0),
    Vector3.new(-2770.7, 456.3, 1486.1),
    Vector3.new(-2774.8, 456.8, 1486.1),
    Vector3.new(-2778.9, 457.3, 1486.1),
    Vector3.new(-2782.9, 457.8, 1486.2),
    Vector3.new(-2786.9, 458.4, 1486.2),
    Vector3.new(-2791.0, 458.9, 1486.2),
    Vector3.new(-2795.2, 459.4, 1486.3),
    Vector3.new(-2799.3, 459.9, 1486.3),
    Vector3.new(-2803.9, 460.5, 1486.3),
    Vector3.new(-2808.1, 461.0, 1486.4),
    Vector3.new(-2812.2, 461.6, 1486.4),
    Vector3.new(-2816.2, 462.1, 1486.4),
    Vector3.new(-2820.2, 462.6, 1486.4),
    Vector3.new(-2824.4, 463.1, 1486.5),
    Vector3.new(-2828.6, 463.7, 1486.5),
    Vector3.new(-2832.8, 464.2, 1486.5),
    Vector3.new(-2837.1, 464.7, 1486.6),
    Vector3.new(-2841.4, 465.3, 1486.6),
    Vector3.new(-2845.5, 465.8, 1486.6),
    Vector3.new(-2849.7, 466.3, 1486.7),
    Vector3.new(-2853.8, 466.9, 1486.7),
    Vector3.new(-2858.3, 467.4, 1486.7),
    Vector3.new(-2865.9, 468.4, 1486.8),
    Vector3.new(-2865.5, 472.7, 1486.8),
    Vector3.new(-2865.1, 476.9, 1486.9),
    Vector3.new(-2864.7, 481.2, 1486.9),
    Vector3.new(-2864.4, 485.4, 1486.9),
    Vector3.new(-2863.9, 489.8, 1486.9),
    Vector3.new(-2863.5, 494.2, 1487.0),
    Vector3.new(-2863.1, 498.7, 1487.0),
    Vector3.new(-2862.7, 503.0, 1487.0),
    Vector3.new(-2862.4, 507.2, 1487.0),
    Vector3.new(-2862.0, 511.4, 1487.1),
    Vector3.new(-2861.6, 515.7, 1487.1),
    Vector3.new(-2861.0, 522.2, 1487.1),
    Vector3.new(-2860.6, 526.5, 1487.2),
    Vector3.new(-2860.2, 530.9, 1487.2),
    Vector3.new(-2864.5, 531.5, 1487.1),
    Vector3.new(-2868.9, 532.1, 1487.0),
    Vector3.new(-2873.4, 532.8, 1487.0),
    Vector3.new(-2877.8, 533.4, 1486.9),
    Vector3.new(-2882.8, 534.1, 1486.8),
    Vector3.new(-2887.1, 534.7, 1486.7),
    Vector3.new(-2891.4, 535.4, 1486.6),
    Vector3.new(-2895.6, 536.0, 1486.6),
    Vector3.new(-2899.9, 536.6, 1486.5),
    Vector3.new(-2904.2, 537.2, 1486.4),
    Vector3.new(-2908.6, 537.8, 1486.3),
    Vector3.new(-2912.8, 538.4, 1486.3),
    Vector3.new(-2917.1, 539.0, 1486.2),
    Vector3.new(-2921.4, 539.7, 1486.1),
    Vector3.new(-2926.8, 540.4, 1486.0),
    Vector3.new(-2931.5, 541.1, 1485.9),
    Vector3.new(-2938.4, 542.1, 1485.8),
    Vector3.new(-2938.9, 546.7, 1485.9),
    Vector3.new(-2939.3, 551.2, 1485.9),
    Vector3.new(-2939.8, 556.4, 1486.0),
    Vector3.new(-2940.3, 560.9, 1486.0),
    Vector3.new(-2940.7, 565.2, 1486.1),
    Vector3.new(-2941.1, 569.6, 1486.2),
    Vector3.new(-2941.6, 574.3, 1486.2),
    Vector3.new(-2942.0, 578.7, 1486.3),
    Vector3.new(-2942.5, 583.1, 1486.3),
    Vector3.new(-2942.9, 587.5, 1486.4),
    Vector3.new(-2943.3, 591.9, 1486.4),
    Vector3.new(-2943.8, 596.5, 1486.5),
    Vector3.new(-2944.3, 601.0, 1486.6),
    Vector3.new(-2944.7, 605.3, 1486.6),
    Vector3.new(-2945.4, 612.5, 1486.7),
    Vector3.new(-2949.8, 612.9, 1486.6),
    Vector3.new(-2954.2, 613.2, 1486.5),
    Vector3.new(-2958.6, 613.6, 1486.5),
    Vector3.new(-2963.1, 613.9, 1486.4),
    Vector3.new(-2967.6, 614.3, 1486.3),
    Vector3.new(-2972.1, 614.7, 1486.2),
    Vector3.new(-2976.6, 615.0, 1486.1),
    Vector3.new(-2981.4, 615.4, 1486.0),
    Vector3.new(-2986.0, 615.8, 1486.0),
    Vector3.new(-2990.4, 616.1, 1485.9),
    Vector3.new(-2994.9, 616.5, 1485.8),
    Vector3.new(-2999.6, 616.9, 1485.7),
    Vector3.new(-3003.9, 617.2, 1485.6),
    Vector3.new(-3011.2, 617.8, 1485.5),
    Vector3.new(-3011.4, 622.3, 1485.5),
    Vector3.new(-3011.7, 626.6, 1485.5),
    Vector3.new(-3011.9, 631.1, 1485.5),
    Vector3.new(-3012.1, 635.6, 1485.5),
    Vector3.new(-3012.4, 640.0, 1485.5),
    Vector3.new(-3012.6, 644.4, 1485.5),
    Vector3.new(-3012.8, 648.9, 1485.5),
    Vector3.new(-3013.1, 653.4, 1485.5),
    Vector3.new(-3013.3, 657.9, 1485.6),
    Vector3.new(-3013.5, 662.3, 1485.6),
    Vector3.new(-3013.8, 667.0, 1485.6),
    Vector3.new(-3014.0, 671.4, 1485.6),
    Vector3.new(-3014.3, 675.8, 1485.6),
    Vector3.new(-3014.5, 680.2, 1485.6),
    Vector3.new(-3014.7, 684.8, 1485.6),
    Vector3.new(-3015.0, 689.4, 1485.6),
    Vector3.new(-3015.2, 693.6, 1485.6),
    Vector3.new(-3020.1, 692.0, 1485.8),
    Vector3.new(-3024.8, 690.4, 1485.9),
    Vector3.new(-3029.4, 688.9, 1486.0),
    Vector3.new(-3033.7, 687.5, 1486.2),
    Vector3.new(-3038.2, 686.0, 1486.3),
    Vector3.new(-3045.6, 683.6, 1486.5),
    Vector3.new(-3052.9, 681.1, 1486.8),
    Vector3.new(-3060.0, 678.8, 1487.0),
    Vector3.new(-3067.4, 676.4, 1487.2),
    Vector3.new(-3076.3, 673.4, 1487.5),
    Vector3.new(-3083.8, 673.4, 1487.4),
    Vector3.new(-3089.8, 673.4, 1487.4),
    Vector3.new(-3095.5, 673.4, 1487.3),
    Vector3.new(-3101.4, 673.4, 1487.3),
    Vector3.new(-3107.5, 673.4, 1487.2),
    Vector3.new(-3113.5, 673.4, 1487.2),
    Vector3.new(-3119.7, 673.4, 1487.1),
    Vector3.new(-3126.0, 673.4, 1487.0),
    Vector3.new(-3132.1, 673.4, 1487.0),
    Vector3.new(-3137.6, 673.4, 1486.9),
    Vector3.new(-3142.7, 673.4, 1486.9),
    Vector3.new(-3147.3, 673.4, 1486.9),
    Vector3.new(-3152.2, 673.4, 1486.8),
    Vector3.new(-3157.0, 673.4, 1486.8),
    Vector3.new(-3161.8, 673.4, 1486.7),
    Vector3.new(-3166.6, 673.4, 1486.7),
    Vector3.new(-3171.4, 673.4, 1486.6),
    Vector3.new(-3176.3, 673.4, 1486.6),
    Vector3.new(-3181.1, 673.4, 1486.5),
    Vector3.new(-3187.6, 673.4, 1486.5),
    Vector3.new(-3193.1, 673.4, 1486.4),
    Vector3.new(-3198.2, 673.4, 1486.4),
    Vector3.new(-3203.1, 673.4, 1486.3),
    Vector3.new(-3208.1, 673.4, 1486.3),
    Vector3.new(-3213.0, 673.4, 1486.3),
    Vector3.new(-3219.6, 673.4, 1486.2),
    Vector3.new(-3225.2, 673.4, 1486.2),
    Vector3.new(-3230.1, 673.4, 1486.2),
    Vector3.new(-3235.1, 673.5, 1486.2),
    Vector3.new(-3243.8, 673.5, 1486.2),
    Vector3.new(-3249.2, 672.8, 1486.2),
    Vector3.new(-3254.8, 672.0, 1486.2),
    Vector3.new(-3260.8, 671.2, 1486.2),
    Vector3.new(-3265.8, 670.5, 1486.1),
    Vector3.new(-3271.4, 669.8, 1486.1),
    Vector3.new(-3276.4, 669.1, 1486.1),
    Vector3.new(-3282.1, 668.3, 1486.1),
    Vector3.new(-3287.0, 667.7, 1486.1),
    Vector3.new(-3292.5, 667.0, 1486.1),
    Vector3.new(-3297.6, 666.3, 1486.1),
    Vector3.new(-3303.2, 665.5, 1486.0),
    Vector3.new(-3308.6, 664.8, 1486.0),
    Vector3.new(-3314.0, 664.1, 1486.0),
    Vector3.new(-3319.0, 663.4, 1486.0),
    Vector3.new(-3328.9, 662.1, 1486.0),
    Vector3.new(-3334.1, 661.4, 1486.0),
    Vector3.new(-3339.2, 660.7, 1485.9),
    Vector3.new(-3344.9, 659.9, 1485.9),
    Vector3.new(-3350.0, 659.2, 1485.9),
    Vector3.new(-3355.1, 658.5, 1485.9),
    Vector3.new(-3360.1, 657.9, 1485.9),
    Vector3.new(-3366.6, 657.0, 1485.9),
    Vector3.new(-3371.6, 656.3, 1485.9),
    Vector3.new(-3377.3, 655.6, 1485.8),
    Vector3.new(-3383.4, 654.7, 1485.8),
    Vector3.new(-3392.6, 653.5, 1485.8),
    Vector3.new(-3397.7, 652.7, 1485.8),
    Vector3.new(-3403.0, 652.0, 1485.8),
    Vector3.new(-3408.2, 651.2, 1485.7),
    Vector3.new(-3414.1, 650.4, 1485.7),
    Vector3.new(-3419.0, 649.6, 1485.7),
    Vector3.new(-3424.2, 648.9, 1485.7),
    Vector3.new(-3429.5, 648.1, 1485.7),
    Vector3.new(-3436.5, 647.1, 1485.6),
    Vector3.new(-3442.3, 646.2, 1485.6),
    Vector3.new(-3451.4, 644.9, 1485.6),
    Vector3.new(-3461.1, 643.5, 1485.5),
    Vector3.new(-3469.8, 642.2, 1485.5),
    Vector3.new(-3478.7, 640.9, 1485.5),
    Vector3.new(-3486.9, 639.7, 1485.5),
    Vector3.new(-3495.1, 638.5, 1485.4),
    Vector3.new(-3504.3, 637.2, 1485.4),
    Vector3.new(-3514.0, 635.8, 1485.4),
    Vector3.new(-3523.3, 634.4, 1485.3),
    Vector3.new(-3528.2, 633.7, 1485.3),
    Vector3.new(-3533.7, 632.9, 1485.3),
    Vector3.new(-3542.2, 631.6, 1485.3),
    Vector3.new(-3548.2, 630.8, 1485.2),
    Vector3.new(-3553.6, 630.0, 1485.2),
    Vector3.new(-3559.5, 629.1, 1485.2),
    Vector3.new(-3564.6, 628.4, 1485.2),
    Vector3.new(-3569.9, 627.6, 1485.1),
    Vector3.new(-3579.7, 626.2, 1485.1),
    Vector3.new(-3587.2, 625.1, 1485.1),
    Vector3.new(-3592.6, 624.3, 1485.1),
    Vector3.new(-3598.2, 623.5, 1485.0),
    Vector3.new(-3605.1, 622.4, 1485.0),
    Vector3.new(-3611.1, 621.6, 1485.0),
    Vector3.new(-3617.7, 620.6, 1485.0),
    Vector3.new(-3624.2, 619.7, 1484.9),
    Vector3.new(-3632.6, 618.4, 1484.9),
    Vector3.new(-3637.6, 617.7, 1484.9),
    Vector3.new(-3644.8, 617.7, 1485.4),
    Vector3.new(-3650.0, 617.7, 1485.7),
    Vector3.new(-3656.0, 617.7, 1486.1),
    Vector3.new(-3664.3, 617.7, 1486.7),
    Vector3.new(-3669.9, 617.7, 1486.7),
    Vector3.new(-3675.4, 617.7, 1486.7),
    Vector3.new(-3682.0, 617.7, 1486.7),
    Vector3.new(-3688.0, 617.7, 1486.7),
    Vector3.new(-3693.2, 617.7, 1486.7),
    Vector3.new(-3698.7, 617.7, 1486.7),
    Vector3.new(-3704.3, 617.7, 1486.7),
    Vector3.new(-3710.7, 617.7, 1486.7),
    Vector3.new(-3716.1, 617.7, 1486.7),
    Vector3.new(-3721.3, 617.7, 1486.7),
    Vector3.new(-3726.2, 617.7, 1486.7),
    Vector3.new(-3731.9, 617.7, 1486.7),
    Vector3.new(-3736.9, 617.7, 1486.7),
    Vector3.new(-3741.9, 617.7, 1486.7),
    Vector3.new(-3747.1, 617.7, 1486.7),
    Vector3.new(-3753.0, 617.7, 1486.7),
    Vector3.new(-3758.2, 617.7, 1486.7),
    Vector3.new(-3763.7, 617.7, 1486.7),
    Vector3.new(-3769.1, 617.7, 1486.7),
    Vector3.new(-3775.2, 617.7, 1486.7),
    Vector3.new(-3780.3, 617.7, 1486.7),
    Vector3.new(-3785.3, 617.7, 1486.6),
    Vector3.new(-3790.4, 617.7, 1486.6),
    Vector3.new(-3796.2, 617.7, 1486.6),
    Vector3.new(-3801.2, 617.7, 1486.6),
    Vector3.new(-3806.2, 617.7, 1486.6),
    Vector3.new(-3811.3, 617.7, 1486.6),
    Vector3.new(-3817.0, 617.7, 1486.6),
    Vector3.new(-3821.9, 617.7, 1486.6),
    Vector3.new(-3826.8, 617.7, 1486.6),
    Vector3.new(-3831.8, 617.7, 1486.6),
    Vector3.new(-3837.4, 617.7, 1486.6),
    Vector3.new(-3842.4, 617.7, 1486.6),
    Vector3.new(-3850.2, 617.7, 1486.6),
    Vector3.new(-3857.1, 617.7, 1486.6),
    Vector3.new(-3863.1, 617.7, 1486.6),
    Vector3.new(-3869.2, 617.7, 1486.6),
    Vector3.new(-3875.5, 617.7, 1486.6),
    Vector3.new(-3881.6, 617.7, 1486.6),
    Vector3.new(-3887.6, 617.7, 1486.6),
    Vector3.new(-3893.7, 617.7, 1486.6),
    Vector3.new(-3899.3, 617.7, 1486.6),
    Vector3.new(-3904.2, 617.7, 1486.6),
    Vector3.new(-3909.1, 617.7, 1486.6),
    Vector3.new(-3914.1, 617.7, 1486.6),
    Vector3.new(-3919.0, 617.7, 1486.6),
    Vector3.new(-3924.0, 617.7, 1486.6),
    Vector3.new(-3929.2, 617.7, 1486.6),
    Vector3.new(-3936.2, 617.7, 1486.6),
    Vector3.new(-3941.3, 617.7, 1486.6),
    Vector3.new(-3946.1, 617.7, 1486.6),
    Vector3.new(-3951.0, 617.7, 1486.6),
    Vector3.new(-3956.3, 617.7, 1486.6),
    Vector3.new(-3961.2, 617.7, 1486.6),
    Vector3.new(-3966.1, 617.7, 1486.6),
    Vector3.new(-3971.1, 617.7, 1486.6),
    Vector3.new(-3976.0, 617.7, 1486.6),
    Vector3.new(-3980.9, 617.7, 1486.6),
    Vector3.new(-3986.0, 617.7, 1486.6),
    Vector3.new(-3991.1, 617.7, 1486.6),
    Vector3.new(-3996.2, 617.7, 1486.6),
    Vector3.new(-4001.1, 617.7, 1486.6),
    Vector3.new(-4005.9, 617.7, 1486.6),
    Vector3.new(-4010.9, 617.7, 1486.6),
    Vector3.new(-4015.8, 617.7, 1486.6),
    Vector3.new(-4020.8, 617.7, 1486.5),
    Vector3.new(-4026.1, 617.7, 1486.5),
    Vector3.new(-4031.0, 617.7, 1486.5),
    Vector3.new(-4036.0, 617.7, 1486.5),
    Vector3.new(-4041.1, 617.7, 1486.5),
    Vector3.new(-4049.9, 617.7, 1486.5),
    Vector3.new(-4055.7, 617.7, 1486.5),
    Vector3.new(-4060.8, 617.7, 1486.5),
    Vector3.new(-4066.0, 617.7, 1486.5),
    Vector3.new(-4070.9, 617.7, 1486.5),
    Vector3.new(-4077.7, 617.7, 1486.5),
    Vector3.new(-4083.7, 617.7, 1486.5),
    Vector3.new(-4090.0, 617.7, 1486.5),
    Vector3.new(-4096.4, 617.7, 1486.5),
    Vector3.new(-4101.6, 617.7, 1486.5),
    Vector3.new(-4107.3, 617.7, 1486.5),
    Vector3.new(-4113.3, 617.7, 1486.5),
    Vector3.new(-4122.6, 617.7, 1486.5),
    Vector3.new(-4129.3, 617.7, 1486.5),
    Vector3.new(-4134.4, 617.7, 1486.5),
    Vector3.new(-4140.2, 617.6, 1486.3),
    Vector3.new(-4146.7, 617.4, 1486.1),
    Vector3.new(-4152.9, 617.3, 1485.9),
    Vector3.new(-4158.5, 617.2, 1485.7),
    Vector3.new(-4164.1, 617.1, 1485.5),
    Vector3.new(-4169.0, 617.0, 1485.3),
    Vector3.new(-4176.4, 616.8, 1485.1),
    Vector3.new(-4180.9, 616.8, 1486.6),
    Vector3.new(-4185.5, 616.9, 1488.2),
    Vector3.new(-4190.2, 616.9, 1489.8),
    Vector3.new(-4194.8, 617.0, 1491.4),
    Vector3.new(-4199.3, 617.0, 1492.9),
    Vector3.new(-4204.0, 617.0, 1494.5),
    Vector3.new(-4209.2, 617.1, 1496.3),
    Vector3.new(-4215.3, 617.1, 1498.4),
    Vector3.new(-4221.4, 617.2, 1500.5),
    Vector3.new(-4226.5, 617.2, 1502.2),
    Vector3.new(-4236.1, 617.3, 1505.5),
    Vector3.new(-4242.7, 617.3, 1507.8),
    Vector3.new(-4257.1, 617.5, 1512.7),
    Vector3.new(-4269.4, 617.6, 1516.9),
    Vector3.new(-4278.6, 617.6, 1520.1),
    Vector3.new(-4287.9, 617.7, 1523.3),
    Vector3.new(-4296.7, 617.8, 1526.3),
    Vector3.new(-4302.6, 617.8, 1528.3),
    Vector3.new(-4313.5, 617.9, 1532.1),
    Vector3.new(-4320.1, 618.0, 1534.3),
    Vector3.new(-4324.9, 618.0, 1536.0),
    Vector3.new(-4330.5, 618.1, 1537.9),
    Vector3.new(-4336.4, 618.1, 1539.9),
    Vector3.new(-4342.1, 618.2, 1541.8),
    Vector3.new(-4347.4, 618.2, 1543.7),
    Vector3.new(-4353.2, 618.3, 1545.7),
    Vector3.new(-4358.0, 618.3, 1547.3),
    Vector3.new(-4364.6, 618.2, 1548.2),
    Vector3.new(-4370.5, 618.1, 1549.1),
    Vector3.new(-4376.7, 618.0, 1550.0),
    Vector3.new(-4381.8, 617.9, 1550.7),
    Vector3.new(-4391.6, 617.7, 1552.1),
    Vector3.new(-4396.4, 617.7, 1549.6),
    Vector3.new(-4401.7, 617.8, 1546.8),
    Vector3.new(-4407.9, 617.8, 1543.5),
    Vector3.new(-4414.0, 617.8, 1540.3),
    Vector3.new(-4418.9, 617.9, 1537.7),
    Vector3.new(-4424.4, 617.9, 1534.9),
    Vector3.new(-4428.9, 617.9, 1532.5),
    Vector3.new(-4434.0, 618.0, 1529.8),
    Vector3.new(-4438.7, 618.0, 1527.3),
    Vector3.new(-4443.9, 618.0, 1524.6),
    Vector3.new(-4448.4, 618.1, 1522.2),
    Vector3.new(-4453.5, 618.1, 1519.5),
    Vector3.new(-4458.1, 618.1, 1517.1),
    Vector3.new(-4463.4, 618.2, 1514.3),
    Vector3.new(-4468.0, 618.2, 1511.9),
    Vector3.new(-4473.9, 618.2, 1508.8),
    Vector3.new(-4479.1, 618.3, 1506.1),
    Vector3.new(-4484.5, 618.3, 1503.2),
    Vector3.new(-4489.4, 618.3, 1500.6),
    Vector3.new(-4495.1, 618.4, 1497.6),
    Vector3.new(-4499.8, 618.4, 1495.2),
    Vector3.new(-4505.3, 618.4, 1492.3),
    Vector3.new(-4509.8, 618.5, 1489.9),
    Vector3.new(-4515.0, 618.5, 1487.2),
    Vector3.new(-4522.1, 618.5, 1483.5),
    Vector3.new(-4527.3, 618.6, 1480.7),
    Vector3.new(-4532.1, 618.6, 1478.2),
    Vector3.new(-4537.8, 618.6, 1475.2),
    Vector3.new(-4542.7, 618.7, 1472.6),
    Vector3.new(-4548.5, 618.7, 1469.6),
    Vector3.new(-4553.1, 618.7, 1467.2),
    Vector3.new(-4557.5, 618.8, 1464.8),
    Vector3.new(-4562.0, 618.8, 1462.5),
    Vector3.new(-4566.6, 618.8, 1460.1),
    Vector3.new(-4571.2, 618.8, 1457.6),
    Vector3.new(-4575.6, 618.9, 1455.3),
    Vector3.new(-4580.4, 618.9, 1452.8),
    Vector3.new(-4584.9, 618.9, 1450.4),
    Vector3.new(-4589.5, 619.0, 1448.0),
    Vector3.new(-4595.2, 619.0, 1445.0),
    Vector3.new(-4600.8, 618.8, 1444.7),
    Vector3.new(-4608.4, 618.5, 1444.4),
    Vector3.new(-4614.3, 618.2, 1444.1),
    Vector3.new(-4620.2, 618.0, 1443.8),
    Vector3.new(-4626.8, 617.7, 1443.5),
    Vector3.new(-4631.5, 617.7, 1446.4),
    Vector3.new(-4636.4, 617.7, 1449.4),
    Vector3.new(-4641.2, 617.7, 1452.3),
    Vector3.new(-4648.8, 617.8, 1457.0),
    Vector3.new(-4656.2, 617.8, 1461.5),
    Vector3.new(-4663.7, 617.8, 1466.1),
    Vector3.new(-4670.5, 617.8, 1470.3),
    Vector3.new(-4677.4, 617.8, 1474.5),
    Vector3.new(-4684.4, 617.9, 1478.8),
    Vector3.new(-4691.6, 617.9, 1483.2),
    Vector3.new(-4699.4, 617.9, 1488.0),
    Vector3.new(-4707.3, 617.9, 1492.8),
    Vector3.new(-4714.8, 617.9, 1497.5),
    Vector3.new(-4722.4, 618.0, 1502.1),
    Vector3.new(-4728.4, 618.0, 1505.8),
    Vector3.new(-4733.5, 618.0, 1508.9),
    Vector3.new(-4738.2, 618.0, 1511.8),
    Vector3.new(-4742.8, 618.0, 1514.6),
    Vector3.new(-4747.3, 618.0, 1517.4),
    Vector3.new(-4751.8, 618.0, 1520.1),
    Vector3.new(-4756.2, 618.1, 1522.8),
    Vector3.new(-4760.7, 618.1, 1525.6),
    Vector3.new(-4765.5, 618.1, 1528.5),
    Vector3.new(-4770.1, 618.1, 1531.3),
    Vector3.new(-4774.5, 618.1, 1534.0),
    Vector3.new(-4779.1, 618.1, 1536.8),
    Vector3.new(-4785.6, 618.1, 1540.8),
    Vector3.new(-4790.7, 618.2, 1543.9),
    Vector3.new(-4795.6, 618.2, 1547.0),
    Vector3.new(-4801.4, 618.2, 1550.5),
    Vector3.new(-4808.4, 618.2, 1554.8),
    Vector3.new(-4814.9, 618.1, 1554.0),
    Vector3.new(-4820.1, 618.0, 1553.3),
    Vector3.new(-4825.4, 617.9, 1552.6),
    Vector3.new(-4830.6, 617.8, 1551.9),
    Vector3.new(-4835.8, 617.7, 1551.3),
    Vector3.new(-4840.9, 617.6, 1550.6),
    Vector3.new(-4845.2, 617.5, 1547.7),
    Vector3.new(-4849.7, 617.4, 1544.6),
    Vector3.new(-4854.5, 617.3, 1541.3),
    Vector3.new(-4859.5, 617.2, 1537.9),
    Vector3.new(-4864.3, 617.1, 1534.6),
    Vector3.new(-4869.0, 617.0, 1531.5),
    Vector3.new(-4873.6, 616.9, 1528.3),
    Vector3.new(-4878.0, 616.8, 1525.3),
    Vector3.new(-4882.4, 616.7, 1522.3),
    Vector3.new(-4886.6, 616.6, 1519.4),
    Vector3.new(-4890.9, 616.5, 1516.5),
    Vector3.new(-4895.4, 616.4, 1513.5),
    Vector3.new(-4900.2, 616.3, 1510.2),
    Vector3.new(-4905.0, 616.2, 1506.9),
    Vector3.new(-4909.7, 616.1, 1503.7),
    Vector3.new(-4914.4, 616.0, 1500.5),
    Vector3.new(-4919.0, 615.9, 1497.4),
    Vector3.new(-4923.7, 615.8, 1494.2),
    Vector3.new(-4928.0, 615.7, 1491.3),
    Vector3.new(-4932.4, 615.6, 1488.3),
    Vector3.new(-4936.0, 615.5, 1485.8),
    Vector3.new(-4941.4, 615.8, 1485.9),
    Vector3.new(-4946.7, 616.2, 1486.0),
    Vector3.new(-4952.0, 616.5, 1486.2),
    Vector3.new(-4957.3, 616.9, 1486.3),
    Vector3.new(-4962.6, 617.2, 1486.4),
    Vector3.new(-4970.4, 617.7, 1486.6),
    Vector3.new(-4975.8, 618.1, 1486.5),
    Vector3.new(-4981.3, 618.6, 1486.4),
    Vector3.new(-4987.2, 619.0, 1486.3),
    Vector3.new(-4993.1, 619.5, 1486.2),
    Vector3.new(-4999.1, 620.0, 1486.1),
    Vector3.new(-5005.0, 620.4, 1486.1),
    Vector3.new(-5010.5, 620.9, 1486.0),
    Vector3.new(-5015.9, 621.3, 1485.9),
    Vector3.new(-5021.8, 621.8, 1485.8),
    Vector3.new(-5027.6, 622.2, 1485.7),
    Vector3.new(-5033.0, 622.6, 1485.6),
    Vector3.new(-5038.4, 623.1, 1485.5),
    Vector3.new(-5048.3, 623.8, 1485.4),
    Vector3.new(-5058.7, 624.7, 1485.2),
    Vector3.new(-5071.8, 625.7, 1485.0),
    Vector3.new(-5081.5, 625.7, 1485.0),
    Vector3.new(-5090.6, 625.7, 1485.0),
    Vector3.new(-5099.8, 625.7, 1485.0),
    Vector3.new(-5107.9, 625.7, 1485.0),
    Vector3.new(-5113.4, 625.7, 1485.0),
    Vector3.new(-5119.4, 625.7, 1485.0),
    Vector3.new(-5125.3, 625.6, 1484.9),
    Vector3.new(-5131.0, 625.6, 1484.9),
    Vector3.new(-5136.9, 625.6, 1484.9),
    Vector3.new(-5142.5, 625.6, 1484.9),
    Vector3.new(-5148.3, 625.6, 1484.9),
    Vector3.new(-5153.9, 625.6, 1484.9),
    Vector3.new(-5159.3, 625.6, 1484.9),
    Vector3.new(-5164.8, 625.6, 1484.9),
    Vector3.new(-5170.5, 625.6, 1484.9),
    Vector3.new(-5170.7, 632.1, 1484.5),
    Vector3.new(-5170.9, 637.5, 1484.2),
    Vector3.new(-5171.1, 643.2, 1483.9),
    Vector3.new(-5171.3, 648.9, 1483.6),
    Vector3.new(-5171.4, 654.4, 1483.3),
    Vector3.new(-5171.6, 659.9, 1483.0),
    Vector3.new(-5171.8, 665.4, 1482.7),
    Vector3.new(-5172.1, 674.9, 1482.2),
    Vector3.new(-5177.7, 675.6, 1482.3),
    Vector3.new(-5183.3, 676.2, 1482.5),
    Vector3.new(-5188.7, 676.8, 1482.6),
    Vector3.new(-5194.3, 677.5, 1482.7),
    Vector3.new(-5199.8, 678.2, 1482.8),
    Vector3.new(-5205.4, 678.8, 1483.0),
    Vector3.new(-5211.2, 679.5, 1483.1),
    Vector3.new(-5216.7, 680.1, 1483.2),
    Vector3.new(-5222.1, 680.8, 1483.3),
    Vector3.new(-5227.6, 681.4, 1483.5),
    Vector3.new(-5232.9, 682.0, 1483.6),
    Vector3.new(-5238.6, 682.7, 1483.7),
    Vector3.new(-5247.1, 683.7, 1483.9),
    Vector3.new(-5254.2, 684.4, 1483.7),
    Vector3.new(-5260.7, 685.0, 1483.5),
    Vector3.new(-5266.9, 685.6, 1483.4),
    Vector3.new(-5273.3, 686.3, 1483.2),
    Vector3.new(-5280.9, 687.0, 1483.0),
    Vector3.new(-5287.2, 687.6, 1482.8),
    Vector3.new(-5292.9, 688.2, 1482.7),
    Vector3.new(-5298.5, 688.8, 1482.5),
    Vector3.new(-5304.3, 689.3, 1482.4),
    Vector3.new(-5310.3, 689.9, 1482.2),
    Vector3.new(-5316.5, 690.5, 1482.0),
    Vector3.new(-5322.6, 691.1, 1481.9),
    Vector3.new(-5328.4, 691.7, 1481.7),
    Vector3.new(-5334.0, 692.2, 1481.6),
    Vector3.new(-5339.5, 692.8, 1481.4),
    Vector3.new(-5345.2, 693.3, 1481.3),
    Vector3.new(-5350.8, 693.9, 1481.1),
    Vector3.new(-5350.7, 699.4, 1481.1),
    Vector3.new(-5350.6, 705.0, 1481.0),
    Vector3.new(-5350.5, 711.4, 1481.0),
    Vector3.new(-5350.3, 717.7, 1481.0),
    Vector3.new(-5350.2, 724.3, 1480.9),
    Vector3.new(-5350.1, 729.1, 1480.9),
    Vector3.new(-5355.6, 729.8, 1480.9),
    Vector3.new(-5361.3, 730.6, 1480.9),
    Vector3.new(-5366.9, 731.3, 1480.8),
    Vector3.new(-5379.4, 733.0, 1480.8),
    Vector3.new(-5386.9, 734.0, 1480.8),
    Vector3.new(-5392.9, 734.8, 1480.7),
    Vector3.new(-5401.1, 735.9, 1480.7),
    Vector3.new(-5406.8, 737.4, 1480.8),
    Vector3.new(-5412.4, 738.8, 1480.9),
    Vector3.new(-5417.9, 740.3, 1480.9),
    Vector3.new(-5423.3, 741.7, 1481.0),
    Vector3.new(-5429.0, 743.2, 1481.1),
    Vector3.new(-5435.5, 743.6, 1481.3),
    Vector3.new(-5441.7, 744.0, 1481.4),
    Vector3.new(-5451.7, 744.7, 1481.7),
    Vector3.new(-5461.0, 745.3, 1481.9),
    Vector3.new(-5469.7, 745.9, 1482.1),
    Vector3.new(-5479.4, 746.5, 1482.3),
    Vector3.new(-5488.4, 747.2, 1482.6),
    Vector3.new(-5497.6, 747.8, 1482.8),
    Vector3.new(-5507.5, 748.4, 1483.0),
    Vector3.new(-5517.4, 749.1, 1483.3),
    Vector3.new(-5529.8, 749.9, 1483.6),
    Vector3.new(-5529.7, 756.0, 1484.1),
    Vector3.new(-5529.6, 762.1, 1484.5),
    Vector3.new(-5529.5, 768.0, 1484.9),
    Vector3.new(-5529.4, 773.8, 1485.4),
    Vector3.new(-5529.3, 779.8, 1485.8),
    Vector3.new(-5529.1, 786.0, 1486.3),
    Vector3.new(-5529.0, 794.3, 1486.9),
    Vector3.new(-5535.4, 794.4, 1486.6),
    Vector3.new(-5541.7, 794.5, 1486.4),
    Vector3.new(-5548.2, 794.6, 1486.1),
    Vector3.new(-5554.7, 794.7, 1485.8),
    Vector3.new(-5560.9, 794.8, 1485.5),
    Vector3.new(-5567.0, 794.9, 1485.3),
    Vector3.new(-5573.6, 795.0, 1485.0),
    Vector3.new(-5583.2, 795.1, 1484.6),
    Vector3.new(-5589.1, 796.6, 1484.8),
    Vector3.new(-5595.0, 798.2, 1485.0),
    Vector3.new(-5601.2, 799.8, 1485.2),
    Vector3.new(-5607.8, 801.6, 1485.5),
    Vector3.new(-5614.7, 803.4, 1485.7),
    Vector3.new(-5621.0, 804.2, 1485.8),
    Vector3.new(-5627.4, 804.9, 1485.9),
    Vector3.new(-5634.5, 805.8, 1485.9),
    Vector3.new(-5641.1, 806.6, 1486.0),
    Vector3.new(-5648.1, 807.4, 1486.1),
    Vector3.new(-5654.7, 808.2, 1486.2),
    Vector3.new(-5660.9, 809.0, 1486.3),
    Vector3.new(-5667.0, 809.7, 1486.4),
    Vector3.new(-5673.2, 810.5, 1486.4),
    Vector3.new(-5679.3, 811.2, 1486.5),
    Vector3.new(-5685.7, 812.0, 1486.6),
    Vector3.new(-5692.1, 812.8, 1486.7),
    Vector3.new(-5703.4, 814.1, 1486.8),
    Vector3.new(-5710.7, 815.0, 1486.9),
    Vector3.new(-5711.5, 821.4, 1486.8),
    Vector3.new(-5712.3, 827.6, 1486.6),
    Vector3.new(-5713.1, 833.9, 1486.5),
    Vector3.new(-5713.9, 840.1, 1486.4),
    Vector3.new(-5714.7, 846.2, 1486.2),
    Vector3.new(-5715.6, 853.1, 1486.1),
    Vector3.new(-5721.7, 853.0, 1486.2),
    Vector3.new(-5729.0, 852.9, 1486.3),
    Vector3.new(-5735.3, 852.8, 1486.5),
    Vector3.new(-5743.4, 852.7, 1486.6),
    Vector3.new(-5749.6, 852.6, 1487.0),
    Vector3.new(-5755.7, 852.6, 1487.4),
    Vector3.new(-5761.7, 852.5, 1487.8),
    Vector3.new(-5767.7, 852.5, 1488.1),
    Vector3.new(-5773.8, 852.4, 1488.5),
    Vector3.new(-5779.9, 852.4, 1488.9),
    Vector3.new(-5785.9, 852.3, 1489.3),
    Vector3.new(-5792.1, 852.3, 1489.7),
    Vector3.new(-5798.1, 852.2, 1490.1),
    Vector3.new(-5804.1, 852.2, 1490.4),
    Vector3.new(-5810.2, 852.1, 1490.8),
    Vector3.new(-5816.4, 852.1, 1491.2),
    Vector3.new(-5823.7, 852.0, 1491.7),
    Vector3.new(-5830.3, 852.0, 1492.1),
    Vector3.new(-5837.7, 851.9, 1492.6),
    Vector3.new(-5845.1, 851.9, 1493.0),
    Vector3.new(-5855.2, 851.8, 1493.7),
    Vector3.new(-5863.3, 851.7, 1494.2),
    Vector3.new(-5869.7, 851.7, 1487.3),
    Vector3.new(-5876.1, 851.7, 1480.5),
    Vector3.new(-5883.3, 851.8, 1472.7),
    Vector3.new(-5890.1, 851.8, 1465.3),
    Vector3.new(-5897.1, 851.8, 1457.8),
    Vector3.new(-5903.9, 851.8, 1450.5),
    Vector3.new(-5910.5, 851.9, 1443.4),
    Vector3.new(-5918.2, 851.9, 1435.1),
    Vector3.new(-5925.8, 851.9, 1426.9),
    Vector3.new(-5931.3, 851.9, 1421.0),
    Vector3.new(-5935.7, 852.0, 1416.2),
    Vector3.new(-5940.2, 852.0, 1411.5),
    Vector3.new(-5944.8, 852.0, 1406.5),
    Vector3.new(-5949.3, 852.0, 1401.7),
    Vector3.new(-5953.8, 852.0, 1396.8),
    Vector3.new(-5958.4, 852.0, 1391.9),
    Vector3.new(-5963.0, 852.0, 1387.0),
    Vector3.new(-5967.4, 852.1, 1382.2),
    Vector3.new(-5972.0, 852.1, 1377.3),
    Vector3.new(-5977.5, 852.1, 1371.3),
    Vector3.new(-5983.7, 852.1, 1377.5),
    Vector3.new(-5990.7, 852.1, 1384.5),
    Vector3.new(-5996.6, 852.2, 1390.4),
    Vector3.new(-6001.2, 852.2, 1395.0),
    Vector3.new(-6005.8, 852.2, 1399.6),
    Vector3.new(-6010.4, 852.2, 1404.2),
    Vector3.new(-6015.1, 852.2, 1409.0),
    Vector3.new(-6020.9, 852.2, 1414.7),
    Vector3.new(-6025.6, 852.2, 1419.5),
    Vector3.new(-6030.4, 852.2, 1424.2),
    Vector3.new(-6035.0, 852.3, 1428.8),
    Vector3.new(-6039.6, 852.3, 1433.4),
    Vector3.new(-6044.2, 852.3, 1438.1),
    Vector3.new(-6050.0, 852.3, 1443.9),
    Vector3.new(-6055.3, 852.3, 1449.2),
    Vector3.new(-6060.1, 852.3, 1453.9),
    Vector3.new(-6064.8, 852.3, 1458.6),
    Vector3.new(-6069.5, 852.3, 1463.3),
    Vector3.new(-6074.3, 852.4, 1468.1),
    Vector3.new(-6078.8, 852.4, 1472.7),
    Vector3.new(-6083.6, 852.4, 1477.4),
    Vector3.new(-6088.2, 852.4, 1482.0),
    Vector3.new(-6092.8, 852.4, 1486.7),
    Vector3.new(-6097.4, 852.4, 1491.3),
    Vector3.new(-6102.1, 852.4, 1495.9),
    Vector3.new(-6110.7, 852.5, 1504.6),
    Vector3.new(-6116.1, 852.5, 1510.0),
    Vector3.new(-6120.7, 852.5, 1514.6),
    Vector3.new(-6125.4, 852.5, 1519.2),
    Vector3.new(-6130.2, 852.5, 1524.1),
    Vector3.new(-6135.4, 852.5, 1529.2),
    Vector3.new(-6140.5, 852.5, 1534.3),
    Vector3.new(-6145.8, 852.6, 1539.7),
    Vector3.new(-6150.7, 852.6, 1544.5),
    Vector3.new(-6155.8, 852.6, 1549.6),
    Vector3.new(-6160.4, 852.6, 1554.3),
    Vector3.new(-6165.1, 852.6, 1558.9),
    Vector3.new(-6169.9, 852.6, 1563.8),
    Vector3.new(-6174.6, 852.6, 1568.5),
    Vector3.new(-6179.3, 852.6, 1573.1),
    Vector3.new(-6184.2, 852.7, 1578.1),
    Vector3.new(-6189.4, 852.7, 1583.3),
    Vector3.new(-6194.1, 852.7, 1588.0),
    Vector3.new(-6198.9, 852.7, 1592.8),
    Vector3.new(-6204.2, 852.7, 1587.6),
    Vector3.new(-6209.4, 852.7, 1582.7),
    Vector3.new(-6214.0, 852.7, 1578.1),
    Vector3.new(-6218.7, 852.7, 1573.6),
    Vector3.new(-6223.4, 852.7, 1569.1),
    Vector3.new(-6228.1, 852.7, 1564.6),
    Vector3.new(-6232.8, 852.7, 1560.0),
    Vector3.new(-6237.5, 852.7, 1555.4),
    Vector3.new(-6244.6, 852.7, 1548.6),
    Vector3.new(-6257.4, 852.7, 1536.2),
    Vector3.new(-6265.5, 852.7, 1528.3),
    Vector3.new(-6277.8, 852.7, 1516.4),
    Vector3.new(-6285.1, 852.7, 1509.3),
    Vector3.new(-6292.3, 852.7, 1502.4),
    Vector3.new(-6303.7, 852.7, 1491.3),
    Vector3.new(-6312.3, 852.7, 1483.0),
    Vector3.new(-6320.4, 852.7, 1475.1),
    Vector3.new(-6325.9, 852.7, 1469.8),
    Vector3.new(-6330.9, 852.7, 1465.0),
    Vector3.new(-6336.9, 852.7, 1459.2),
    Vector3.new(-6341.7, 852.7, 1454.5),
    Vector3.new(-6346.6, 852.7, 1449.8),
    Vector3.new(-6351.5, 852.7, 1445.0),
    Vector3.new(-6356.4, 852.7, 1440.3),
    Vector3.new(-6361.4, 852.7, 1435.5),
    Vector3.new(-6366.2, 852.7, 1430.8),
    Vector3.new(-6371.2, 852.7, 1426.0),
    Vector3.new(-6376.5, 852.7, 1420.9),
    Vector3.new(-6381.6, 852.7, 1416.0),
    Vector3.new(-6386.5, 852.7, 1411.2),
    Vector3.new(-6391.5, 852.7, 1406.3),
    Vector3.new(-6396.5, 852.7, 1401.5),
    Vector3.new(-6401.5, 852.7, 1396.6),
    Vector3.new(-6406.3, 852.7, 1392.0),
    Vector3.new(-6411.5, 852.7, 1387.0),
    Vector3.new(-6416.4, 852.7, 1382.2),
    Vector3.new(-6421.2, 852.7, 1377.6),
    Vector3.new(-6428.2, 852.7, 1370.8),
    Vector3.new(-6432.9, 852.7, 1375.7),
    Vector3.new(-6437.6, 852.7, 1380.6),
    Vector3.new(-6442.9, 852.7, 1386.1),
    Vector3.new(-6447.7, 852.7, 1391.1),
    Vector3.new(-6452.9, 852.7, 1396.5),
    Vector3.new(-6457.8, 852.7, 1401.7),
    Vector3.new(-6462.5, 852.7, 1406.5),
    Vector3.new(-6467.2, 852.7, 1411.4),
    Vector3.new(-6472.0, 852.7, 1416.5),
    Vector3.new(-6476.7, 852.7, 1421.3),
    Vector3.new(-6481.5, 852.7, 1426.3),
    Vector3.new(-6486.6, 852.8, 1431.6),
    Vector3.new(-6491.7, 852.8, 1436.9),
    Vector3.new(-6497.6, 852.8, 1443.1),
    Vector3.new(-6502.6, 852.8, 1448.3),
    Vector3.new(-6508.0, 852.8, 1454.0),
    Vector3.new(-6512.9, 852.8, 1459.0),
    Vector3.new(-6517.8, 852.8, 1464.2),
    Vector3.new(-6522.6, 852.8, 1469.2),
    Vector3.new(-6527.6, 852.8, 1474.3),
    Vector3.new(-6532.5, 852.8, 1479.4),
    Vector3.new(-6537.7, 852.8, 1484.8),
    Vector3.new(-6543.5, 852.8, 1490.9),
    Vector3.new(-6551.2, 852.8, 1490.4),
    Vector3.new(-6559.3, 852.8, 1489.8),
    Vector3.new(-6566.1, 852.8, 1489.3),
    Vector3.new(-6573.0, 852.8, 1488.9),
    Vector3.new(-6580.1, 852.8, 1488.4),
    Vector3.new(-6588.1, 852.8, 1487.8),
    Vector3.new(-6595.2, 852.8, 1487.3),
    Vector3.new(-6602.0, 852.9, 1486.9),
    Vector3.new(-6608.9, 852.9, 1486.4),
    Vector3.new(-6615.9, 852.9, 1485.9),
    Vector3.new(-6623.2, 852.9, 1485.4),
    Vector3.new(-6630.1, 852.9, 1484.9),
    Vector3.new(-6637.2, 852.9, 1484.4),
    Vector3.new(-6644.9, 852.9, 1483.9),
    Vector3.new(-6655.2, 852.9, 1483.2),
    Vector3.new(-6664.9, 852.9, 1483.2),
    Vector3.new(-6674.6, 853.0, 1483.3),
    Vector3.new(-6684.1, 853.0, 1483.3),
    Vector3.new(-6693.8, 853.0, 1483.3),
    Vector3.new(-6703.5, 853.0, 1483.3),
    Vector3.new(-6713.2, 853.1, 1483.4),
    Vector3.new(-6723.4, 853.1, 1483.4),
    Vector3.new(-6733.3, 853.1, 1483.4),
    Vector3.new(-6743.8, 853.1, 1483.5),
    Vector3.new(-6752.1, 853.2, 1483.5),
    Vector3.new(-6758.6, 853.2, 1483.5),
    Vector3.new(-6765.2, 853.2, 1483.5),
    Vector3.new(-6771.9, 853.2, 1483.6),
    Vector3.new(-6778.6, 853.2, 1483.6),
    Vector3.new(-6785.6, 853.3, 1483.6),
    Vector3.new(-6792.8, 853.3, 1483.6),
    Vector3.new(-6799.5, 853.3, 1483.6),
    Vector3.new(-6806.7, 853.3, 1483.7),
    Vector3.new(-6813.5, 853.3, 1483.7),
    Vector3.new(-6820.3, 853.4, 1483.7),
    Vector3.new(-6827.7, 853.4, 1483.7),
    Vector3.new(-6834.3, 853.4, 1483.8),
    Vector3.new(-6841.5, 853.4, 1483.8),
    Vector3.new(-6848.2, 853.4, 1483.8),
    Vector3.new(-6854.8, 853.5, 1483.8),
    Vector3.new(-6861.3, 853.5, 1483.8),
    Vector3.new(-6868.0, 853.5, 1483.9),
    Vector3.new(-6874.6, 853.5, 1483.9),
    Vector3.new(-6881.3, 853.5, 1483.9),
    Vector3.new(-6887.9, 853.5, 1483.9),
    Vector3.new(-6894.6, 853.6, 1483.9),
    Vector3.new(-6901.9, 853.6, 1484.0),
    Vector3.new(-6908.6, 853.6, 1484.0),
    Vector3.new(-6915.2, 853.6, 1484.0),
    Vector3.new(-6921.9, 853.6, 1484.0),
    Vector3.new(-6928.3, 853.7, 1484.0),
    Vector3.new(-6934.8, 853.7, 1484.1),
    Vector3.new(-6941.2, 853.7, 1484.1),
    Vector3.new(-6948.0, 853.7, 1484.1),
    Vector3.new(-6954.4, 853.7, 1484.1),
    Vector3.new(-6960.8, 853.7, 1484.1),
    Vector3.new(-6967.2, 853.8, 1484.2),
    Vector3.new(-6974.1, 853.8, 1484.2),
    Vector3.new(-6981.1, 853.8, 1484.2),
    Vector3.new(-6987.5, 853.8, 1484.2),
    Vector3.new(-6994.1, 853.8, 1484.2),
    Vector3.new(-7000.5, 853.9, 1484.3),
    Vector3.new(-7007.0, 853.9, 1484.3),
    Vector3.new(-7013.5, 853.9, 1484.3),
    Vector3.new(-7020.1, 853.9, 1484.3),
    Vector3.new(-7027.0, 853.9, 1484.3),
    Vector3.new(-7033.7, 854.0, 1484.4),
    Vector3.new(-7040.6, 854.0, 1484.4),
    Vector3.new(-7050.8, 854.0, 1484.4),
    Vector3.new(-7060.3, 854.0, 1484.5),
    Vector3.new(-7070.0, 854.1, 1484.5),
    Vector3.new(-7079.7, 854.1, 1484.5),
    Vector3.new(-7090.0, 854.1, 1484.5),
    Vector3.new(-7099.5, 854.1, 1484.6),
    Vector3.new(-7109.5, 854.2, 1484.6),
    Vector3.new(-7119.1, 854.2, 1484.6),
    Vector3.new(-7128.6, 854.2, 1484.7),
    Vector3.new(-7143.6, 854.3, 1484.7),
    Vector3.new(-7155.9, 854.3, 1484.7),
    Vector3.new(-7169.4, 854.3, 1484.8),
    Vector3.new(-7184.0, 854.4, 1484.8),
    Vector3.new(-7195.6, 854.4, 1484.9),
    Vector3.new(-7202.8, 854.4, 1484.9),
    Vector3.new(-7210.4, 854.4, 1484.9),
    Vector3.new(-7217.5, 854.5, 1484.9),
    Vector3.new(-7226.1, 854.5, 1485.0),
    Vector3.new(-7233.4, 854.5, 1485.0),
    Vector3.new(-7240.7, 854.5, 1485.0),
    Vector3.new(-7247.8, 854.5, 1485.0),
    Vector3.new(-7255.5, 854.6, 1485.1),
    Vector3.new(-7262.9, 854.6, 1485.1),
    Vector3.new(-7270.6, 854.6, 1485.1),
    Vector3.new(-7277.8, 854.6, 1485.1),
    Vector3.new(-7285.0, 854.7, 1485.1),
    Vector3.new(-7293.1, 854.7, 1485.2),
    Vector3.new(-7302.6, 854.7, 1485.2),
    Vector3.new(-7310.0, 854.7, 1485.2),
    Vector3.new(-7317.2, 854.7, 1485.2),
    Vector3.new(-7324.8, 854.7, 1485.2),
    Vector3.new(-7331.9, 854.7, 1485.2),
    Vector3.new(-7339.6, 854.7, 1485.3),
    Vector3.new(-7346.9, 854.7, 1485.3),
    Vector3.new(-7354.4, 854.6, 1485.3),
    Vector3.new(-7362.0, 854.6, 1485.3),
    Vector3.new(-7369.5, 854.6, 1485.3),
    Vector3.new(-7377.2, 854.6, 1485.3),
    Vector3.new(-7384.5, 854.6, 1485.3),
    Vector3.new(-7395.0, 854.6, 1485.4),
    Vector3.new(-7404.2, 854.6, 1485.4),
    Vector3.new(-7411.4, 854.6, 1485.4),
    Vector3.new(-7418.8, 854.6, 1485.4),
    Vector3.new(-7425.7, 854.6, 1485.4),
    Vector3.new(-7432.8, 854.6, 1485.4),
    Vector3.new(-7439.3, 854.6, 1485.4),
    Vector3.new(-7450.7, 854.5, 1485.4),
    Vector3.new(-7460.4, 854.5, 1485.5),
    Vector3.new(-7470.3, 854.5, 1485.5),
    Vector3.new(-7479.6, 854.5, 1485.5),
    Vector3.new(-7489.5, 854.5, 1485.5),
    Vector3.new(-7498.9, 854.5, 1485.5),
    Vector3.new(-7509.0, 854.5, 1485.5),
    Vector3.new(-7519.0, 854.5, 1485.6),
    Vector3.new(-7528.7, 854.5, 1485.6),
    Vector3.new(-7538.7, 854.5, 1485.6),
    Vector3.new(-7549.6, 854.4, 1485.6),
    Vector3.new(-7560.0, 854.4, 1485.6),
    Vector3.new(-7570.7, 854.4, 1485.6),
    Vector3.new(-7581.8, 854.4, 1485.7),
    Vector3.new(-7592.6, 854.4, 1485.7),
    Vector3.new(-7603.1, 854.4, 1485.7),
    Vector3.new(-7613.2, 854.4, 1485.7),
    Vector3.new(-7620.2, 854.4, 1485.7),
    Vector3.new(-7626.7, 854.4, 1485.7),
    Vector3.new(-7634.3, 854.4, 1485.7),
    Vector3.new(-7640.6, 854.4, 1485.8),
    Vector3.new(-7646.9, 854.3, 1485.8),
    Vector3.new(-7653.2, 854.3, 1485.8),
    Vector3.new(-7659.8, 854.3, 1485.8),
    Vector3.new(-7667.1, 854.3, 1485.8),
    Vector3.new(-7674.0, 854.3, 1485.8),
    Vector3.new(-7680.4, 854.3, 1485.8),
    Vector3.new(-7687.0, 854.3, 1485.8),
    Vector3.new(-7693.6, 854.3, 1485.8),
    Vector3.new(-7700.2, 854.3, 1485.9),
    Vector3.new(-7706.7, 854.3, 1485.9),
    Vector3.new(-7713.1, 854.3, 1485.9),
    Vector3.new(-7719.6, 854.3, 1485.9),
    Vector3.new(-7725.8, 854.3, 1485.9),
    Vector3.new(-7733.2, 854.3, 1485.9),
    Vector3.new(-7739.7, 854.3, 1485.9),
    Vector3.new(-7746.4, 854.2, 1485.9),
    Vector3.new(-7752.6, 854.2, 1485.9),
    Vector3.new(-7758.9, 854.2, 1486.0),
    Vector3.new(-7771.8, 854.2, 1486.0),
    Vector3.new(-7779.7, 854.2, 1486.0),
    Vector3.new(-7786.4, 854.2, 1486.0),
    Vector3.new(-7793.0, 854.2, 1486.0),
    Vector3.new(-7799.7, 854.2, 1486.0),
    Vector3.new(-7806.3, 854.2, 1486.0),
    Vector3.new(-7813.2, 854.2, 1486.0),
    Vector3.new(-7819.6, 854.2, 1486.1),
    Vector3.new(-7826.5, 854.2, 1486.1),
    Vector3.new(-7833.0, 854.2, 1486.1),
    Vector3.new(-7839.3, 854.1, 1486.1),
    Vector3.new(-7850.2, 854.1, 1486.1),
    Vector3.new(-7859.8, 854.1, 1486.1),
    Vector3.new(-7870.2, 854.1, 1486.1),
    Vector3.new(-7879.8, 854.1, 1486.2),
    Vector3.new(-7890.0, 854.1, 1486.2),
    Vector3.new(-7899.4, 854.1, 1486.2),
    Vector3.new(-7908.8, 854.1, 1486.2),
    Vector3.new(-7918.5, 854.1, 1486.2),
    Vector3.new(-7928.9, 854.1, 1486.2),
    Vector3.new(-7939.0, 854.0, 1486.3),
    Vector3.new(-7949.8, 854.0, 1486.3),
    Vector3.new(-7959.7, 854.0, 1486.3),
    Vector3.new(-7969.8, 854.0, 1486.3),
    Vector3.new(-7979.8, 854.0, 1486.3),
    Vector3.new(-7989.9, 854.0, 1486.3),
    Vector3.new(-8001.6, 854.0, 1486.4),
    Vector3.new(-8013.7, 854.0, 1486.4),
    Vector3.new(-8024.5, 854.0, 1486.4),
    Vector3.new(-8033.3, 853.9, 1486.4),
    Vector3.new(-8040.4, 853.9, 1486.4),
    Vector3.new(-8047.0, 853.9, 1486.4),
    Vector3.new(-8053.9, 853.9, 1486.4),
    Vector3.new(-8060.8, 853.9, 1486.5),
    Vector3.new(-8067.4, 853.9, 1486.5),
    Vector3.new(-8074.5, 853.9, 1486.5),
    Vector3.new(-8081.3, 853.9, 1486.5),
    Vector3.new(-8087.9, 853.9, 1486.5),
    Vector3.new(-8094.5, 853.9, 1486.5),
    Vector3.new(-8101.1, 853.9, 1486.5),
    Vector3.new(-8107.6, 853.9, 1486.5),
    Vector3.new(-8114.1, 853.9, 1486.5),
    Vector3.new(-8120.9, 853.9, 1486.6),
    Vector3.new(-8128.2, 853.9, 1486.6),
    Vector3.new(-8134.7, 853.8, 1486.6),
    Vector3.new(-8141.2, 853.8, 1486.6),
    Vector3.new(-8147.6, 853.8, 1486.6),
    Vector3.new(-8154.1, 853.8, 1486.6),
    Vector3.new(-8160.7, 853.8, 1486.6),
    Vector3.new(-8168.3, 853.8, 1486.6),
    Vector3.new(-8175.4, 853.8, 1486.6),
    Vector3.new(-8182.3, 853.8, 1486.7),
    Vector3.new(-8189.7, 853.8, 1486.7),
    Vector3.new(-8196.4, 853.8, 1486.7),
    Vector3.new(-8203.1, 853.8, 1486.7),
    Vector3.new(-8209.7, 853.8, 1486.7),
    Vector3.new(-8216.8, 853.8, 1486.7),
    Vector3.new(-8223.4, 853.8, 1486.7),
    Vector3.new(-8230.0, 853.7, 1486.7),
    Vector3.new(-8236.5, 853.7, 1486.7),
    Vector3.new(-8243.2, 853.7, 1486.8),
    Vector3.new(-8254.4, 853.7, 1486.8),
    Vector3.new(-8265.1, 853.7, 1486.8),
    Vector3.new(-8275.0, 853.7, 1486.8),
    Vector3.new(-8284.8, 853.7, 1486.8),
    Vector3.new(-8294.5, 853.7, 1486.8),
    Vector3.new(-8304.2, 853.7, 1486.9),
    Vector3.new(-8315.4, 853.7, 1486.9),
    Vector3.new(-8326.0, 853.6, 1486.9),
    Vector3.new(-8336.4, 853.6, 1486.9),
    Vector3.new(-8346.7, 853.6, 1486.9),
    Vector3.new(-8356.6, 853.6, 1486.9),
    Vector3.new(-8366.6, 853.6, 1487.0),
    Vector3.new(-8377.9, 853.6, 1487.0),
    Vector3.new(-8389.9, 853.6, 1487.0),
    Vector3.new(-8400.4, 853.6, 1487.0),
    Vector3.new(-8410.6, 853.6, 1487.0),
    Vector3.new(-8421.1, 853.6, 1487.1),
    Vector3.new(-8431.4, 853.5, 1487.1),
    Vector3.new(-8439.2, 853.5, 1487.1),
    Vector3.new(-8446.3, 853.5, 1487.1),
    Vector3.new(-8453.3, 853.5, 1487.1),
    Vector3.new(-8460.1, 853.5, 1487.1),
    Vector3.new(-8466.8, 853.5, 1487.1),
    Vector3.new(-8473.5, 853.5, 1487.1),
    Vector3.new(-8480.1, 853.5, 1487.1),
    Vector3.new(-8486.8, 853.5, 1487.2),
    Vector3.new(-8493.4, 853.5, 1487.2),
    Vector3.new(-8500.0, 853.5, 1487.2),
    Vector3.new(-8506.8, 853.5, 1487.2),
    Vector3.new(-8514.5, 853.5, 1487.2),
    Vector3.new(-8521.2, 853.4, 1487.2),
    Vector3.new(-8528.4, 853.4, 1487.2),
    Vector3.new(-8536.3, 853.4, 1487.2),
    Vector3.new(-8543.2, 853.4, 1487.3),
    Vector3.new(-8549.8, 853.4, 1487.3),
    Vector3.new(-8556.6, 853.4, 1487.3),
    Vector3.new(-8563.3, 853.4, 1487.3),
    Vector3.new(-8570.9, 853.4, 1487.3),
    Vector3.new(-8577.9, 853.4, 1487.3),
    Vector3.new(-8585.1, 853.4, 1487.3),
    Vector3.new(-8592.3, 853.4, 1487.3),
    Vector3.new(-8599.1, 853.4, 1487.3),
    Vector3.new(-8605.9, 853.4, 1487.4),
    Vector3.new(-8612.6, 853.4, 1487.4),
    Vector3.new(-8620.1, 853.3, 1487.4),
    Vector3.new(-8626.9, 853.3, 1487.4),
    Vector3.new(-8634.7, 853.3, 1487.4),
    Vector3.new(-8642.2, 853.3, 1487.4),
    Vector3.new(-8654.6, 853.3, 1487.4),
    Vector3.new(-8665.8, 853.3, 1487.5),
    Vector3.new(-8675.7, 853.3, 1487.5),
    Vector3.new(-8687.8, 853.3, 1487.5),
    Vector3.new(-8698.1, 853.3, 1487.5),
    Vector3.new(-8708.4, 853.3, 1487.5),
    Vector3.new(-8718.4, 853.2, 1487.5),
    Vector3.new(-8733.3, 853.2, 1487.6),
    Vector3.new(-8745.3, 853.2, 1487.6),
    Vector3.new(-8756.2, 853.2, 1487.6),
    Vector3.new(-8766.8, 853.2, 1487.6),
    Vector3.new(-8777.3, 853.2, 1487.6),
    Vector3.new(-8788.0, 853.2, 1487.7),
    Vector3.new(-8798.3, 853.2, 1487.7),
    Vector3.new(-8809.4, 853.2, 1487.7),
    Vector3.new(-8820.2, 853.1, 1487.7),
    Vector3.new(-8830.6, 853.1, 1487.7),
    Vector3.new(-8840.9, 853.1, 1487.7),
    Vector3.new(-8853.4, 853.1, 1487.8),
    Vector3.new(-8865.3, 853.1, 1487.8),
    Vector3.new(-8876.5, 853.1, 1487.8),
    Vector3.new(-8887.7, 853.1, 1487.8),
    Vector3.new(-8901.3, 853.1, 1487.8),
    Vector3.new(-8912.3, 853.0, 1487.9),
    Vector3.new(-8919.0, 853.0, 1487.9),
    Vector3.new(-8931.2, 853.0, 1487.9),
    Vector3.new(-8940.2, 853.0, 1487.9),
    Vector3.new(-8947.8, 853.0, 1487.9),
    Vector3.new(-8955.2, 853.0, 1487.9),
    Vector3.new(-8963.0, 853.0, 1487.9),
    Vector3.new(-8970.4, 853.0, 1488.0),
    Vector3.new(-8977.1, 853.0, 1488.0),
    Vector3.new(-8984.0, 853.0, 1488.0),
    Vector3.new(-8991.1, 853.0, 1488.0),
    Vector3.new(-8998.1, 853.0, 1488.0),
    Vector3.new(-9005.5, 852.9, 1488.0),
    Vector3.new(-9012.4, 852.9, 1488.0),
    Vector3.new(-9020.2, 852.9, 1488.0),
    Vector3.new(-9027.6, 852.9, 1488.1),
    Vector3.new(-9035.0, 852.9, 1488.1),
    Vector3.new(-9042.4, 852.9, 1488.1),
    Vector3.new(-9053.8, 852.9, 1488.1),
    Vector3.new(-9063.4, 852.9, 1488.1),
    Vector3.new(-9073.9, 852.9, 1488.0),
    Vector3.new(-9084.1, 852.9, 1488.0),
    Vector3.new(-9094.5, 852.9, 1488.0),
    Vector3.new(-9104.6, 852.9, 1487.9),
    Vector3.new(-9114.9, 852.9, 1487.9),
    Vector3.new(-9125.1, 852.9, 1487.9),
    Vector3.new(-9136.0, 852.9, 1487.9),
    Vector3.new(-9146.1, 852.9, 1487.8),
    Vector3.new(-9156.5, 852.9, 1487.8),
    Vector3.new(-9168.7, 852.9, 1487.8),
    Vector3.new(-9179.8, 852.9, 1487.7),
    Vector3.new(-9190.6, 852.9, 1487.7),
    Vector3.new(-9200.8, 852.9, 1487.7),
    Vector3.new(-9210.9, 852.9, 1487.6),
    Vector3.new(-9220.5, 852.9, 1487.6),
    Vector3.new(-9229.1, 852.9, 1487.6),
    Vector3.new(-9237.5, 852.9, 1487.5),
    Vector3.new(-9246.0, 852.9, 1487.5),
    Vector3.new(-9253.2, 852.9, 1487.5),
    Vector3.new(-9260.4, 852.9, 1487.5),
    Vector3.new(-9267.5, 852.9, 1487.5),
    Vector3.new(-9281.6, 852.9, 1487.4),
    Vector3.new(-9290.6, 852.8, 1487.4),
    Vector3.new(-9298.3, 852.8, 1487.4),
    Vector3.new(-9305.8, 852.8, 1487.3),
    Vector3.new(-9312.8, 852.8, 1487.3),
    Vector3.new(-9319.9, 852.8, 1487.3),
    Vector3.new(-9326.8, 852.8, 1487.3),
    Vector3.new(-9333.7, 852.8, 1487.3),
    Vector3.new(-9340.9, 852.8, 1487.2),
    Vector3.new(-9348.1, 852.8, 1487.2),
    Vector3.new(-9355.7, 852.8, 1487.2),
    Vector3.new(-9363.2, 852.8, 1487.2),
    Vector3.new(-9370.1, 852.8, 1487.1),
    Vector3.new(-9377.2, 852.8, 1487.1),
    Vector3.new(-9384.1, 852.8, 1487.1),
    Vector3.new(-9391.0, 852.8, 1487.1),
    Vector3.new(-9398.5, 852.8, 1487.1),
    Vector3.new(-9406.0, 852.8, 1487.0),
    Vector3.new(-9413.7, 852.8, 1487.0),
    Vector3.new(-9421.8, 852.8, 1487.0),
    Vector3.new(-9428.9, 852.8, 1487.0),
    Vector3.new(-9435.7, 852.8, 1486.9),
    Vector3.new(-9442.6, 852.8, 1486.9),
    Vector3.new(-9454.5, 852.8, 1486.9),
    Vector3.new(-9464.5, 852.8, 1486.9),
    Vector3.new(-9475.2, 852.8, 1486.8),
    Vector3.new(-9486.8, 852.8, 1486.8),
    Vector3.new(-9497.9, 852.8, 1486.8),
    Vector3.new(-9508.6, 852.8, 1486.7),
    Vector3.new(-9515.5, 852.8, 1486.7),
    Vector3.new(-9515.2, 852.0, 1476.8),
    Vector3.new(-9514.8, 851.0, 1464.6),
    Vector3.new(-9514.6, 850.5, 1458.8),
    Vector3.new(-9514.6, 852.8, 1458.8)
}
