local Waypoints = {
    Vector3.new(-1455.6, -158.0, -999.8),
    Vector3.new(-1455.6, -158.0, -997.1),
    Vector3.new(-1455.6, -158.0, -995.0),
    Vector3.new(-1455.6, -158.0, -993.0),
    Vector3.new(-1455.6, -158.1, -989.5),
    Vector3.new(-1455.6, -158.1, -986.1),
    Vector3.new(-1455.6, -158.2, -979.4),
    Vector3.new(-1455.6, -158.3, -973.7),
    Vector3.new(-1455.6, -158.3, -967.9),
    Vector3.new(-1455.6, -158.4, -962.5),
    Vector3.new(-1455.7, -158.4, -956.9),
    Vector3.new(-1455.7, -158.5, -951.4),
    Vector3.new(-1455.7, -158.6, -945.8),
    Vector3.new(-1455.7, -158.6, -940.2),
    Vector3.new(-1455.7, -158.7, -934.5),
    Vector3.new(-1455.7, -158.8, -928.6),
    Vector3.new(-1455.7, -158.8, -925.3),
    Vector3.new(-1455.7, -158.8, -923.2),
    Vector3.new(-1455.7, -158.8, -919.7),
    Vector3.new(-1455.7, -158.9, -916.4),
    Vector3.new(-1455.7, -158.9, -914.4),
    Vector3.new(-1455.7, -158.9, -910.9),
    Vector3.new(-1455.7, -159.0, -907.5),
    Vector3.new(-1455.7, -159.0, -904.0),
    Vector3.new(-1455.7, -159.0, -901.9),
    Vector3.new(-1455.7, -159.1, -899.9),
    Vector3.new(-1455.7, -159.1, -896.5),
    Vector3.new(-1455.8, -159.1, -893.1),
    Vector3.new(-1455.8, -159.2, -891.1),
    Vector3.new(-1455.8, -159.2, -887.6),
    Vector3.new(-1455.8, -159.2, -885.5),
    Vector3.new(-1455.8, -159.2, -883.5),
    Vector3.new(-1455.8, -159.3, -881.0),
    Vector3.new(-1455.8, -159.3, -878.9),
    Vector3.new(-1455.8, -159.3, -876.8),
    Vector3.new(-1455.8, -159.3, -874.7),
    Vector3.new(-1455.8, -159.4, -872.6),
    Vector3.new(-1455.8, -159.4, -870.5),
    Vector3.new(-1455.8, -159.4, -868.4),
    Vector3.new(-1455.8, -159.4, -866.3),
    Vector3.new(-1455.8, -159.5, -860.3),
    Vector3.new(-1453.9, -159.5, -861.3),
    Vector3.new(-1452.0, -159.5, -862.3),
    Vector3.new(-1450.1, -159.5, -863.3),
    Vector3.new(-1448.3, -159.5, -864.2),
    Vector3.new(-1446.4, -159.5, -865.1),
    Vector3.new(-1444.6, -159.5, -866.1),
    Vector3.new(-1442.7, -159.5, -867.1),
    Vector3.new(-1440.5, -159.5, -868.2),
    Vector3.new(-1436.7, -159.5, -870.2),
    Vector3.new(-1436.4, -159.3, -868.2),
    Vector3.new(-1436.1, -159.1, -866.1),
    Vector3.new(-1435.8, -158.9, -864.0),
    Vector3.new(-1435.6, -158.8, -862.0),
    Vector3.new(-1435.3, -158.6, -859.9),
    Vector3.new(-1435.0, -158.4, -857.9),
    Vector3.new(-1434.7, -158.2, -855.5),
    Vector3.new(-1434.4, -158.0, -853.3),
    Vector3.new(-1434.1, -157.8, -851.3),
    Vector3.new(-1433.8, -157.6, -849.2),
    Vector3.new(-1433.5, -157.4, -846.9),
    Vector3.new(-1433.2, -157.2, -844.8),
    Vector3.new(-1432.9, -157.0, -842.7),
    Vector3.new(-1432.6, -156.8, -840.5),
    Vector3.new(-1432.3, -156.6, -838.4),
    Vector3.new(-1431.7, -156.2, -833.8),
    Vector3.new(-1431.7, -155.6, -831.9),
    Vector3.new(-1431.7, -154.9, -829.8),
    Vector3.new(-1431.7, -154.3, -827.7),
    Vector3.new(-1431.7, -153.6, -825.6),
    Vector3.new(-1431.6, -153.0, -823.5),
    Vector3.new(-1431.6, -152.3, -821.4),
    Vector3.new(-1431.6, -151.7, -819.3),
    Vector3.new(-1431.6, -151.0, -817.3),
    Vector3.new(-1431.6, -150.4, -815.3),
    Vector3.new(-1431.6, -149.7, -813.2),
    Vector3.new(-1431.6, -149.1, -811.1),
    Vector3.new(-1431.6, -148.4, -809.0),
    Vector3.new(-1431.5, -147.7, -806.7),
    Vector3.new(-1431.5, -147.0, -804.7),
    Vector3.new(-1431.5, -146.4, -802.5),
    Vector3.new(-1431.5, -145.6, -800.2),
    Vector3.new(-1431.5, -144.8, -797.7),
    Vector3.new(-1431.5, -144.2, -795.5),
    Vector3.new(-1431.5, -143.5, -793.3),
    Vector3.new(-1431.4, -142.8, -791.1),
    Vector3.new(-1431.4, -142.0, -788.7),
    Vector3.new(-1431.4, -141.3, -786.5),
    Vector3.new(-1431.4, -140.6, -784.2),
    Vector3.new(-1431.4, -139.9, -782.0),
    Vector3.new(-1431.4, -139.2, -779.8),
    Vector3.new(-1431.4, -138.5, -777.6),
    Vector3.new(-1431.4, -137.9, -775.5),
    Vector3.new(-1431.3, -137.2, -773.4),
    Vector3.new(-1431.3, -136.5, -771.1),
    Vector3.new(-1431.3, -135.8, -769.0),
    Vector3.new(-1431.3, -135.1, -766.8),
    Vector3.new(-1431.3, -134.4, -764.6),
    Vector3.new(-1431.3, -133.8, -762.4),
    Vector3.new(-1431.3, -133.1, -760.2),
    Vector3.new(-1431.3, -132.4, -758.2),
    Vector3.new(-1431.2, -131.7, -756.0),
    Vector3.new(-1431.2, -131.1, -754.0),
    Vector3.new(-1431.2, -130.4, -751.9),
    Vector3.new(-1431.2, -129.8, -749.8),
    Vector3.new(-1431.2, -129.1, -747.7),
    Vector3.new(-1431.2, -128.4, -745.4),
    Vector3.new(-1431.2, -127.7, -743.2),
    Vector3.new(-1431.2, -127.1, -741.2),
    Vector3.new(-1431.1, -126.4, -739.0),
    Vector3.new(-1431.1, -125.7, -736.8),
    Vector3.new(-1431.1, -124.2, -732.0),
    Vector3.new(-1431.1, -123.6, -730.0),
    Vector3.new(-1431.1, -122.9, -727.9),
    Vector3.new(-1431.1, -122.3, -725.9),
    Vector3.new(-1431.1, -121.6, -723.8),
    Vector3.new(-1431.1, -120.9, -721.5),
    Vector3.new(-1431.1, -120.3, -719.4),
    Vector3.new(-1431.1, -119.6, -717.4),
    Vector3.new(-1431.1, -119.0, -715.3),
    Vector3.new(-1431.1, -118.3, -713.3),
    Vector3.new(-1431.1, -117.7, -711.2),
    Vector3.new(-1431.1, -117.0, -709.2),
    Vector3.new(-1431.1, -116.4, -707.1),
    Vector3.new(-1431.1, -115.7, -705.1),
    Vector3.new(-1431.1, -115.1, -703.0),
    Vector3.new(-1431.1, -114.4, -700.9),
    Vector3.new(-1431.1, -113.8, -698.8),
    Vector3.new(-1431.1, -113.1, -696.8),
    Vector3.new(-1431.1, -112.5, -694.7),
    Vector3.new(-1431.1, -111.8, -692.5),
    Vector3.new(-1431.1, -111.1, -690.4),
    Vector3.new(-1431.1, -110.5, -688.3),
    Vector3.new(-1431.1, -109.8, -686.3),
    Vector3.new(-1431.1, -109.1, -684.1),
    Vector3.new(-1431.1, -108.5, -682.0),
    Vector3.new(-1431.2, -107.8, -679.8),
    Vector3.new(-1431.2, -107.1, -677.7),
    Vector3.new(-1431.2, -106.5, -675.6),
    Vector3.new(-1431.2, -105.8, -673.5),
    Vector3.new(-1431.2, -105.2, -671.4),
    Vector3.new(-1431.2, -104.5, -669.3),
    Vector3.new(-1431.2, -103.8, -667.2),
    Vector3.new(-1431.2, -103.2, -665.1),
    Vector3.new(-1431.2, -102.5, -663.1),
    Vector3.new(-1431.2, -101.8, -660.9),
    Vector3.new(-1431.2, -101.2, -658.7),
    Vector3.new(-1431.2, -100.5, -656.6),
    Vector3.new(-1431.2, -99.9, -654.5),
    Vector3.new(-1431.2, -99.1, -652.1),
    Vector3.new(-1431.2, -98.4, -650.0),
    Vector3.new(-1431.2, -97.8, -647.9),
    Vector3.new(-1431.2, -97.1, -645.8),
    Vector3.new(-1431.2, -96.4, -643.6),
    Vector3.new(-1431.2, -95.8, -641.5),
    Vector3.new(-1431.2, -95.1, -639.3),
    Vector3.new(-1431.2, -94.4, -637.2),
    Vector3.new(-1431.2, -93.7, -635.0),
    Vector3.new(-1431.2, -92.5, -631.1),
    Vector3.new(-1431.1, -92.0, -628.9),
    Vector3.new(-1431.0, -91.4, -626.4),
    Vector3.new(-1430.9, -90.8, -624.1),
    Vector3.new(-1430.8, -90.3, -621.9),
    Vector3.new(-1430.7, -89.7, -619.5),
    Vector3.new(-1430.6, -89.1, -617.0),
    Vector3.new(-1430.5, -88.5, -614.7),
    Vector3.new(-1430.4, -87.9, -612.3),
    Vector3.new(-1430.3, -87.4, -610.0),
    Vector3.new(-1430.3, -86.8, -607.7),
    Vector3.new(-1430.2, -86.2, -605.4),
    Vector3.new(-1430.1, -85.7, -603.1),
    Vector3.new(-1430.0, -85.1, -600.7),
    Vector3.new(-1429.9, -84.5, -598.4),
    Vector3.new(-1429.8, -84.0, -596.1),
    Vector3.new(-1429.7, -83.5, -593.9),
    Vector3.new(-1429.6, -82.9, -591.6),
    Vector3.new(-1429.5, -82.4, -589.4),
    Vector3.new(-1429.4, -81.8, -587.1),
    Vector3.new(-1429.3, -81.2, -584.7),
    Vector3.new(-1429.1, -79.7, -578.3),
    Vector3.new(-1428.9, -78.4, -573.0),
    Vector3.new(-1428.6, -77.0, -567.2),
    Vector3.new(-1428.4, -75.5, -561.2),
    Vector3.new(-1428.2, -74.1, -555.6),
    Vector3.new(-1427.9, -72.8, -550.0),
    Vector3.new(-1427.7, -71.4, -544.5),
    Vector3.new(-1427.5, -70.1, -538.9),
    Vector3.new(-1427.2, -68.4, -532.0),
    Vector3.new(-1432.3, -68.4, -529.1),
    Vector3.new(-1437.4, -68.4, -526.2),
    Vector3.new(-1442.6, -68.4, -523.2),
    Vector3.new(-1447.7, -68.4, -520.3),
    Vector3.new(-1455.0, -68.4, -516.1),
    Vector3.new(-1454.9, -68.4, -511.9),
    Vector3.new(-1454.8, -68.4, -509.4),
    Vector3.new(-1454.8, -68.3, -506.9),
    Vector3.new(-1454.7, -68.3, -504.5),
    Vector3.new(-1454.7, -68.3, -502.0),
    Vector3.new(-1454.6, -68.3, -499.5),
    Vector3.new(-1454.5, -68.3, -497.1),
    Vector3.new(-1454.5, -68.3, -494.6),
    Vector3.new(-1454.4, -68.2, -492.2),
    Vector3.new(-1454.4, -68.2, -489.7),
    Vector3.new(-1454.3, -68.2, -487.3),
    Vector3.new(-1454.3, -68.2, -484.9),
    Vector3.new(-1454.2, -68.2, -482.3),
    Vector3.new(-1454.1, -68.2, -479.8),
    Vector3.new(-1454.1, -68.2, -477.3),
    Vector3.new(-1454.0, -68.1, -474.9),
    Vector3.new(-1454.0, -68.1, -472.3),
    Vector3.new(-1453.9, -68.1, -469.8),
    Vector3.new(-1453.8, -68.1, -467.1),
    Vector3.new(-1453.8, -68.1, -464.6),
    Vector3.new(-1453.7, -68.1, -462.1),
    Vector3.new(-1453.7, -68.0, -459.5),
    Vector3.new(-1453.6, -68.0, -457.0),
    Vector3.new(-1453.5, -68.0, -454.6),
    Vector3.new(-1453.5, -68.0, -452.0),
    Vector3.new(-1453.4, -68.0, -449.5),
    Vector3.new(-1453.4, -68.0, -447.0),
    Vector3.new(-1453.3, -68.0, -444.5),
    Vector3.new(-1453.2, -67.9, -442.0),
    Vector3.new(-1453.1, -67.9, -436.4),
    Vector3.new(-1453.1, -67.3, -433.9),
    Vector3.new(-1453.2, -66.6, -431.4),
    Vector3.new(-1453.2, -66.0, -428.9),
    Vector3.new(-1453.3, -65.4, -426.5),
    Vector3.new(-1453.3, -64.8, -424.1),
    Vector3.new(-1453.3, -64.2, -421.7),
    Vector3.new(-1453.4, -63.6, -419.3),
    Vector3.new(-1453.4, -63.0, -416.9),
    Vector3.new(-1453.5, -62.3, -414.2),
    Vector3.new(-1453.5, -61.7, -411.8),
    Vector3.new(-1453.5, -61.1, -409.3),
    Vector3.new(-1453.6, -60.5, -406.8),
    Vector3.new(-1453.6, -59.9, -404.3),
    Vector3.new(-1453.6, -59.3, -401.8),
    Vector3.new(-1453.7, -58.6, -399.3),
    Vector3.new(-1453.7, -58.0, -396.8),
    Vector3.new(-1453.8, -56.8, -392.0),
    Vector3.new(-1453.8, -56.8, -389.5),
    Vector3.new(-1453.8, -56.7, -387.0),
    Vector3.new(-1453.8, -56.7, -384.5),
    Vector3.new(-1453.8, -56.7, -381.8),
    Vector3.new(-1453.7, -56.7, -379.4),
    Vector3.new(-1453.7, -56.6, -376.8),
    Vector3.new(-1453.7, -56.6, -374.1),
    Vector3.new(-1453.7, -56.6, -371.6),
    Vector3.new(-1453.7, -56.5, -368.9),
    Vector3.new(-1453.7, -56.5, -366.2),
    Vector3.new(-1453.7, -56.5, -363.5),
    Vector3.new(-1453.6, -56.5, -360.7),
    Vector3.new(-1453.6, -56.4, -357.8),
    Vector3.new(-1453.6, -56.4, -355.2),
    Vector3.new(-1453.6, -56.4, -352.5),
    Vector3.new(-1453.6, -56.3, -349.9),
    Vector3.new(-1453.6, -56.3, -347.4),
    Vector3.new(-1453.6, -56.3, -344.8),
    Vector3.new(-1453.6, -56.3, -342.2),
    Vector3.new(-1453.5, -56.2, -339.6),
    Vector3.new(-1453.5, -56.2, -337.1),
    Vector3.new(-1453.5, -56.2, -334.5),
    Vector3.new(-1453.5, -56.1, -332.0),
    Vector3.new(-1453.5, -56.1, -329.2),
    Vector3.new(-1453.5, -56.1, -326.6),
    Vector3.new(-1453.5, -56.1, -324.0),
    Vector3.new(-1453.5, -56.0, -321.5),
    Vector3.new(-1453.4, -56.0, -318.9),
    Vector3.new(-1453.4, -56.0, -316.4),
    Vector3.new(-1453.4, -55.9, -310.3),
    Vector3.new(-1453.4, -55.9, -307.8),
    Vector3.new(-1453.4, -55.9, -305.1),
    Vector3.new(-1453.4, -55.9, -302.5),
    Vector3.new(-1453.4, -55.9, -299.8),
    Vector3.new(-1453.4, -55.9, -297.1),
    Vector3.new(-1453.4, -55.9, -294.4),
    Vector3.new(-1453.4, -55.9, -291.7),
    Vector3.new(-1453.4, -55.9, -289.2),
    Vector3.new(-1453.4, -55.9, -286.5),
    Vector3.new(-1453.4, -55.9, -283.9),
    Vector3.new(-1453.4, -55.9, -281.4),
    Vector3.new(-1453.4, -55.9, -278.8),
    Vector3.new(-1453.4, -55.9, -275.9),
    Vector3.new(-1453.4, -55.9, -273.3),
    Vector3.new(-1453.4, -55.9, -270.8),
    Vector3.new(-1453.4, -55.9, -268.2),
    Vector3.new(-1453.4, -55.9, -265.5),
    Vector3.new(-1453.4, -55.9, -263.0),
    Vector3.new(-1453.5, -55.9, -260.4),
    Vector3.new(-1453.5, -55.9, -257.8),
    Vector3.new(-1453.5, -55.9, -255.3),
    Vector3.new(-1453.5, -55.9, -252.7),
    Vector3.new(-1453.5, -55.9, -250.2),
    Vector3.new(-1453.5, -55.9, -247.5),
    Vector3.new(-1453.5, -55.9, -244.9),
    Vector3.new(-1453.5, -55.9, -242.3),
    Vector3.new(-1453.5, -55.9, -239.8),
    Vector3.new(-1453.5, -56.0, -237.2),
    Vector3.new(-1453.5, -56.0, -234.7),
    Vector3.new(-1453.5, -56.0, -232.2),
    Vector3.new(-1453.5, -56.0, -229.3),
    Vector3.new(-1453.5, -56.0, -226.7),
    Vector3.new(-1453.5, -56.0, -224.0),
    Vector3.new(-1453.5, -56.0, -221.4),
    Vector3.new(-1453.5, -56.0, -218.8),
    Vector3.new(-1453.5, -56.0, -216.1),
    Vector3.new(-1453.5, -56.0, -213.5),
    Vector3.new(-1453.5, -56.0, -211.0),
    Vector3.new(-1453.5, -56.0, -208.6),
    Vector3.new(-1453.5, -56.0, -205.9),
    Vector3.new(-1453.5, -56.0, -203.4),
    Vector3.new(-1453.5, -56.0, -200.8),
    Vector3.new(-1453.5, -56.0, -198.4),
    Vector3.new(-1453.5, -56.0, -195.8),
    Vector3.new(-1453.5, -56.0, -193.2),
    Vector3.new(-1453.5, -56.0, -190.5),
    Vector3.new(-1453.5, -56.0, -186.7),
    Vector3.new(-1453.5, -56.0, -184.1),
    Vector3.new(-1453.5, -56.0, -176.7),
    Vector3.new(-1453.5, -56.0, -171.4),
    Vector3.new(-1453.5, -56.0, -166.0),
    Vector3.new(-1453.6, -56.0, -160.7),
    Vector3.new(-1453.6, -56.0, -155.3),
    Vector3.new(-1453.6, -56.0, -149.9),
    Vector3.new(-1453.6, -56.0, -144.5),
    Vector3.new(-1453.6, -56.0, -138.9),
    Vector3.new(-1453.6, -56.0, -133.4),
    Vector3.new(-1453.6, -56.0, -128.1),
    Vector3.new(-1453.6, -56.0, -122.7),
    Vector3.new(-1453.6, -56.0, -117.2),
    Vector3.new(-1453.6, -56.0, -110.8),
    Vector3.new(-1453.6, -56.0, -104.7),
    Vector3.new(-1453.6, -56.0, -98.4),
    Vector3.new(-1453.6, -56.0, -92.3),
    Vector3.new(-1453.6, -56.1, -86.4),
    Vector3.new(-1453.6, -56.1, -80.5),
    Vector3.new(-1453.6, -56.1, -74.5),
    Vector3.new(-1453.6, -56.1, -68.4),
    Vector3.new(-1453.7, -56.1, -62.3),
    Vector3.new(-1453.7, -56.1, -56.4),
    Vector3.new(-1453.7, -56.1, -50.5),
    Vector3.new(-1453.7, -56.1, -47.6),
    Vector3.new(-1453.7, -56.1, -45.2),
    Vector3.new(-1453.7, -56.1, -42.8),
    Vector3.new(-1453.7, -56.1, -40.2),
    Vector3.new(-1453.7, -56.1, -37.9),
    Vector3.new(-1453.7, -56.1, -35.4),
    Vector3.new(-1453.7, -56.1, -33.0),
    Vector3.new(-1453.7, -56.1, -30.6),
    Vector3.new(-1453.7, -56.1, -28.2),
    Vector3.new(-1453.7, -56.1, -25.7),
    Vector3.new(-1453.7, -56.1, -19.3),
    Vector3.new(-1453.7, -56.1, -16.8),
    Vector3.new(-1453.7, -56.1, -14.4),
    Vector3.new(-1453.7, -56.1, -11.9),
    Vector3.new(-1453.7, -56.1, -9.5),
    Vector3.new(-1453.7, -56.1, -6.9),
    Vector3.new(-1453.7, -56.1, -4.5),
    Vector3.new(-1453.7, -56.1, -2.0),
    Vector3.new(-1453.7, -56.1, 0.5),
    Vector3.new(-1453.7, -56.1, 3.0),
    Vector3.new(-1453.7, -56.1, 5.6),
    Vector3.new(-1453.7, -56.0, 8.2),
    Vector3.new(-1453.7, -56.0, 10.7),
    Vector3.new(-1453.7, -56.0, 13.2),
    Vector3.new(-1453.7, -56.0, 15.6),
    Vector3.new(-1453.7, -56.0, 18.1),
    Vector3.new(-1453.7, -56.0, 20.7),
    Vector3.new(-1453.7, -56.0, 23.1),
    Vector3.new(-1453.7, -56.0, 25.8),
    Vector3.new(-1453.7, -56.0, 28.4),
    Vector3.new(-1453.7, -56.0, 30.9),
    Vector3.new(-1453.7, -56.0, 33.4),
    Vector3.new(-1453.7, -56.0, 35.9),
    Vector3.new(-1453.7, -56.0, 38.4),
    Vector3.new(-1453.7, -56.0, 40.9),
    Vector3.new(-1453.7, -56.0, 43.5),
    Vector3.new(-1453.7, -56.0, 45.9),
    Vector3.new(-1453.7, -56.0, 48.4),
    Vector3.new(-1453.7, -56.0, 51.0),
    Vector3.new(-1453.7, -56.0, 53.5),
    Vector3.new(-1453.7, -56.0, 56.1),
    Vector3.new(-1453.7, -56.0, 58.6),
    Vector3.new(-1453.7, -55.9, 61.1),
    Vector3.new(-1453.7, -55.9, 63.7),
    Vector3.new(-1453.7, -55.9, 66.2),
    Vector3.new(-1453.7, -55.9, 68.8),
    Vector3.new(-1453.7, -55.9, 71.4),
    Vector3.new(-1453.7, -55.9, 73.9),
    Vector3.new(-1453.7, -55.9, 76.4),
    Vector3.new(-1453.7, -55.9, 79.0),
    Vector3.new(-1453.7, -55.9, 84.6),
    Vector3.new(-1453.7, -53.2, 84.6),
    Vector3.new(-1453.7, -50.4, 84.6),
    Vector3.new(-1453.7, -47.7, 84.6),
    Vector3.new(-1453.7, -45.1, 84.6),
    Vector3.new(-1453.7, -42.4, 84.6),
    Vector3.new(-1453.7, -39.8, 84.6),
    Vector3.new(-1453.7, -37.2, 84.6),
    Vector3.new(-1453.7, -34.6, 84.6),
    Vector3.new(-1453.7, -32.0, 84.6),
    Vector3.new(-1453.7, -29.4, 84.6),
    Vector3.new(-1453.7, -26.9, 84.6),
    Vector3.new(-1453.7, -24.3, 84.6),
    Vector3.new(-1453.7, -21.6, 84.6),
    Vector3.new(-1453.7, -19.0, 84.6),
    Vector3.new(-1453.7, -16.6, 84.6),
    Vector3.new(-1453.7, -13.9, 84.6),
    Vector3.new(-1453.7, -11.4, 84.6),
    Vector3.new(-1453.7, -8.7, 84.6),
    Vector3.new(-1453.7, -6.2, 84.6),
    Vector3.new(-1453.7, -3.6, 84.6),
    Vector3.new(-1453.7, -1.1, 84.6),
    Vector3.new(-1453.7, 1.6, 84.6),
    Vector3.new(-1453.7, 4.0, 84.6),
    Vector3.new(-1453.7, 6.6, 84.6),
    Vector3.new(-1453.7, 9.2, 84.6),
    Vector3.new(-1453.7, 11.9, 84.6),
    Vector3.new(-1453.7, 14.4, 84.6),
    Vector3.new(-1453.7, 17.0, 84.6),
    Vector3.new(-1453.7, 19.6, 84.6),
    Vector3.new(-1453.7, 22.2, 84.6),
    Vector3.new(-1453.7, 24.9, 84.6),
    Vector3.new(-1453.7, 27.4, 84.6),
    Vector3.new(-1453.7, 30.0, 84.6),
    Vector3.new(-1453.7, 32.7, 84.6),
    Vector3.new(-1453.7, 35.2, 84.6),
    Vector3.new(-1453.7, 37.7, 84.6),
    Vector3.new(-1453.7, 40.4, 84.6),
    Vector3.new(-1453.7, 43.5, 84.6),
    Vector3.new(-1453.7, 46.3, 84.6),
    Vector3.new(-1453.7, 49.0, 84.6),
    Vector3.new(-1453.7, 51.8, 84.6),
    Vector3.new(-1453.7, 54.5, 84.6),
    Vector3.new(-1453.7, 57.2, 84.6),
    Vector3.new(-1453.7, 59.9, 84.6),
    Vector3.new(-1453.7, 62.5, 84.6),
    Vector3.new(-1453.7, 65.2, 84.6),
    Vector3.new(-1453.7, 67.9, 84.6),
    Vector3.new(-1453.7, 71.1, 84.6),
    Vector3.new(-1453.7, 74.4, 84.6),
    Vector3.new(-1453.7, 77.3, 84.6),
    Vector3.new(-1453.7, 79.9, 84.6),
    Vector3.new(-1453.7, 82.6, 84.6),
    Vector3.new(-1453.7, 89.3, 84.6),
    Vector3.new(-1453.7, 89.8, 87.6),
    Vector3.new(-1453.8, 90.4, 90.6),
    Vector3.new(-1453.8, 91.1, 94.8),
    Vector3.new(-1451.1, 91.1, 94.4),
    Vector3.new(-1448.4, 91.1, 94.0),
    Vector3.new(-1445.6, 91.1, 93.5),
    Vector3.new(-1442.9, 91.1, 93.1),
    Vector3.new(-1440.2, 91.1, 92.7),
    Vector3.new(-1434.1, 91.1, 91.7),
    Vector3.new(-1434.1, 93.9, 91.8),
    Vector3.new(-1434.1, 96.6, 91.9),
    Vector3.new(-1434.1, 99.3, 92.0),
    Vector3.new(-1434.1, 102.1, 92.0),
    Vector3.new(-1434.1, 104.8, 92.1),
    Vector3.new(-1434.1, 107.5, 92.2),
    Vector3.new(-1434.1, 110.2, 92.3),
    Vector3.new(-1434.1, 112.9, 92.4),
    Vector3.new(-1434.1, 115.6, 92.5),
    Vector3.new(-1434.1, 118.3, 92.5),
    Vector3.new(-1434.1, 121.0, 92.6),
    Vector3.new(-1434.1, 123.9, 92.7),
    Vector3.new(-1434.1, 126.6, 92.8),
    Vector3.new(-1434.1, 129.4, 92.9),
    Vector3.new(-1434.1, 132.2, 93.0),
    Vector3.new(-1434.1, 135.0, 93.1),
    Vector3.new(-1434.1, 137.7, 93.1),
    Vector3.new(-1434.1, 140.5, 93.2),
    Vector3.new(-1434.1, 143.2, 93.3),
    Vector3.new(-1434.1, 146.0, 93.4),
    Vector3.new(-1434.1, 148.8, 93.5),
    Vector3.new(-1434.0, 151.5, 93.6),
    Vector3.new(-1434.0, 154.3, 93.6),
    Vector3.new(-1434.0, 157.1, 93.7),
    Vector3.new(-1434.0, 159.8, 93.8),
    Vector3.new(-1434.0, 162.6, 93.9),
    Vector3.new(-1434.0, 165.4, 94.0),
    Vector3.new(-1434.0, 168.2, 94.1),
    Vector3.new(-1434.0, 171.1, 94.2),
    Vector3.new(-1434.0, 173.9, 94.3),
    Vector3.new(-1434.0, 176.6, 94.3),
    Vector3.new(-1434.0, 179.3, 94.4),
    Vector3.new(-1434.0, 182.1, 94.5),
    Vector3.new(-1434.0, 185.0, 94.6),
    Vector3.new(-1434.0, 187.8, 94.7),
    Vector3.new(-1434.0, 190.5, 94.8),
    Vector3.new(-1434.0, 193.4, 94.9),
    Vector3.new(-1434.0, 196.2, 94.9),
    Vector3.new(-1434.0, 199.2, 95.0),
    Vector3.new(-1434.0, 202.0, 95.1),
    Vector3.new(-1434.0, 204.8, 95.2),
    Vector3.new(-1434.0, 211.0, 95.4),
    Vector3.new(-1434.1, 212.6, 97.2),
    Vector3.new(-1434.2, 216.1, 101.1),
    Vector3.new(-1435.7, 216.1, 103.5),
    Vector3.new(-1437.2, 216.1, 105.8),
    Vector3.new(-1438.7, 216.1, 108.2),
    Vector3.new(-1440.2, 216.1, 110.7),
    Vector3.new(-1441.8, 216.1, 113.2),
    Vector3.new(-1443.3, 216.1, 115.7),
    Vector3.new(-1444.8, 216.1, 118.1),
    Vector3.new(-1446.4, 216.1, 120.6),
    Vector3.new(-1447.9, 216.1, 123.1),
    Vector3.new(-1449.5, 216.1, 125.5),
    Vector3.new(-1452.7, 216.1, 130.7),
    Vector3.new(-1452.8, 216.6, 133.6),
    Vector3.new(-1452.8, 217.1, 136.5),
    Vector3.new(-1452.9, 217.5, 139.3),
    Vector3.new(-1452.9, 218.0, 142.3),
    Vector3.new(-1453.0, 218.5, 145.2),
    Vector3.new(-1453.0, 219.0, 148.2),
    Vector3.new(-1453.1, 219.5, 151.1),
    Vector3.new(-1453.1, 220.0, 154.1),
    Vector3.new(-1453.2, 220.5, 157.0),
    Vector3.new(-1453.2, 221.0, 159.9),
    Vector3.new(-1453.3, 221.5, 162.9),
    Vector3.new(-1453.3, 221.9, 165.8),
    Vector3.new(-1453.4, 222.4, 168.7),
    Vector3.new(-1453.4, 222.9, 171.7),
    Vector3.new(-1453.5, 223.7, 176.3),
    Vector3.new(-1453.6, 223.7, 179.3),
    Vector3.new(-1453.6, 223.8, 182.3),
    Vector3.new(-1453.7, 223.8, 185.4),
    Vector3.new(-1453.7, 223.9, 188.4),
    Vector3.new(-1453.8, 223.9, 191.3),
    Vector3.new(-1453.8, 224.0, 194.4),
    Vector3.new(-1453.9, 224.0, 197.5),
    Vector3.new(-1453.9, 224.1, 200.5),
    Vector3.new(-1454.0, 224.1, 203.7),
    Vector3.new(-1454.0, 224.2, 207.4),
    Vector3.new(-1454.1, 224.2, 212.1),
    Vector3.new(-1454.2, 224.3, 215.3),
    Vector3.new(-1454.2, 224.3, 218.7),
    Vector3.new(-1454.4, 224.5, 229.6),
    Vector3.new(-1454.4, 224.0, 235.7),
    Vector3.new(-1454.4, 223.5, 241.7),
    Vector3.new(-1454.5, 223.0, 247.7),
    Vector3.new(-1454.5, 222.6, 253.6),
    Vector3.new(-1454.5, 222.1, 259.5),
    Vector3.new(-1454.5, 221.6, 265.5),
    Vector3.new(-1454.5, 221.1, 271.7),
    Vector3.new(-1454.5, 220.6, 277.7),
    Vector3.new(-1454.6, 220.1, 284.0),
    Vector3.new(-1454.6, 219.6, 290.4),
    Vector3.new(-1454.6, 219.1, 296.4),
    Vector3.new(-1454.6, 218.6, 302.6),
    Vector3.new(-1454.6, 218.0, 310.0),
    Vector3.new(-1454.6, 217.4, 316.9),
    Vector3.new(-1454.7, 216.8, 324.0),
    Vector3.new(-1454.7, 216.2, 331.0),
    Vector3.new(-1454.7, 215.9, 335.3),
    Vector3.new(-1454.7, 215.9, 342.2),
    Vector3.new(-1454.7, 215.9, 349.3),
    Vector3.new(-1454.7, 215.9, 360.2),
    Vector3.new(-1454.7, 215.9, 366.8),
    Vector3.new(-1454.7, 215.9, 373.6),
    Vector3.new(-1454.7, 215.9, 380.2),
    Vector3.new(-1454.6, 215.9, 387.9),
    Vector3.new(-1454.6, 215.9, 394.8),
    Vector3.new(-1454.6, 215.9, 401.7),
    Vector3.new(-1454.6, 215.9, 408.3),
    Vector3.new(-1454.6, 215.9, 419.1),
    Vector3.new(-1454.6, 215.9, 425.9),
    Vector3.new(-1454.6, 215.9, 432.9),
    Vector3.new(-1454.6, 215.9, 439.6),
    Vector3.new(-1454.6, 215.9, 443.4),
    Vector3.new(-1454.6, 215.9, 446.7),
    Vector3.new(-1454.6, 215.9, 449.8),
    Vector3.new(-1454.6, 215.9, 453.0),
    Vector3.new(-1454.6, 215.9, 456.1),
    Vector3.new(-1454.6, 215.9, 459.3),
    Vector3.new(-1454.6, 215.9, 462.5),
    Vector3.new(-1454.6, 215.9, 465.7),
    Vector3.new(-1454.6, 215.9, 469.8),
    Vector3.new(-1454.6, 215.9, 473.1),
    Vector3.new(-1454.6, 215.9, 476.4),
    Vector3.new(-1454.6, 215.9, 479.6),
    Vector3.new(-1454.5, 215.8, 483.0),
    Vector3.new(-1454.5, 215.8, 486.2),
    Vector3.new(-1454.5, 215.8, 489.5),
    Vector3.new(-1454.5, 215.8, 492.8),
    Vector3.new(-1454.5, 215.8, 496.0),
    Vector3.new(-1454.5, 215.8, 499.2),
    Vector3.new(-1454.5, 215.8, 502.5),
    Vector3.new(-1454.5, 215.8, 505.7),
    Vector3.new(-1454.5, 215.8, 509.1),
    Vector3.new(-1454.5, 215.8, 512.3),
    Vector3.new(-1454.5, 215.8, 515.7),
    Vector3.new(-1454.5, 215.8, 518.8),
    Vector3.new(-1454.5, 215.8, 522.1),
    Vector3.new(-1454.5, 215.8, 525.4),
    Vector3.new(-1454.5, 215.8, 528.9),
    Vector3.new(-1454.5, 215.8, 532.4),
    Vector3.new(-1454.5, 215.8, 535.7),
    Vector3.new(-1454.5, 215.8, 538.9),
    Vector3.new(-1454.5, 215.8, 542.2),
    Vector3.new(-1454.5, 215.8, 545.4),
    Vector3.new(-1454.5, 215.8, 548.8),
    Vector3.new(-1454.5, 215.8, 552.1),
    Vector3.new(-1454.5, 215.8, 555.4),
    Vector3.new(-1454.5, 215.8, 558.8),
    Vector3.new(-1454.5, 215.8, 562.2),
    Vector3.new(-1454.5, 215.8, 565.5),
    Vector3.new(-1454.5, 215.8, 571.8),
    Vector3.new(-1454.5, 215.8, 575.2),
    Vector3.new(-1454.5, 215.8, 578.6),
    Vector3.new(-1454.4, 215.8, 582.2),
    Vector3.new(-1454.4, 215.8, 585.5),
    Vector3.new(-1454.4, 215.8, 588.8),
    Vector3.new(-1454.4, 215.8, 592.2),
    Vector3.new(-1454.4, 215.8, 595.4),
    Vector3.new(-1454.4, 215.8, 598.6),
    Vector3.new(-1454.4, 215.8, 601.8),
    Vector3.new(-1454.4, 215.8, 605.1),
    Vector3.new(-1454.4, 215.8, 608.3),
    Vector3.new(-1454.4, 215.8, 611.5),
    Vector3.new(-1454.4, 215.8, 614.6),
    Vector3.new(-1454.4, 215.8, 617.8),
    Vector3.new(-1454.4, 215.8, 627.4),
    Vector3.new(-1454.4, 221.6, 627.4),
    Vector3.new(-1454.4, 227.6, 627.4),
    Vector3.new(-1454.4, 233.4, 627.4),
    Vector3.new(-1454.4, 239.4, 627.4),
    Vector3.new(-1454.4, 245.3, 627.4),
    Vector3.new(-1454.4, 251.4, 627.4),
    Vector3.new(-1454.4, 257.5, 627.4),
    Vector3.new(-1454.4, 263.5, 627.4),
    Vector3.new(-1454.4, 269.5, 627.4),
    Vector3.new(-1454.4, 275.5, 627.4),
    Vector3.new(-1454.4, 281.4, 627.4),
    Vector3.new(-1454.4, 287.6, 627.4),
    Vector3.new(-1454.4, 293.8, 627.4),
    Vector3.new(-1454.4, 300.3, 627.4),
    Vector3.new(-1454.4, 306.3, 627.4),
    Vector3.new(-1454.4, 313.0, 627.4),
    Vector3.new(-1454.4, 319.4, 627.4),
    Vector3.new(-1454.4, 325.7, 627.4),
    Vector3.new(-1454.4, 332.1, 627.4),
    Vector3.new(-1454.4, 338.6, 627.4),
    Vector3.new(-1454.4, 345.0, 627.4),
    Vector3.new(-1454.4, 351.3, 627.4),
    Vector3.new(-1454.4, 357.6, 627.4),
    Vector3.new(-1454.4, 366.4, 627.4),
    Vector3.new(-1454.5, 365.5, 620.9),
    Vector3.new(-1454.6, 364.6, 614.4),
    Vector3.new(-1454.7, 363.7, 607.9),
    Vector3.new(-1454.8, 362.8, 601.4),
    Vector3.new(-1454.9, 361.9, 595.2),
    Vector3.new(-1454.9, 361.9, 589.3),
    Vector3.new(-1455.0, 361.8, 583.2),
    Vector3.new(-1455.0, 361.8, 577.0),
    Vector3.new(-1455.1, 361.7, 570.8),
    Vector3.new(-1455.1, 361.7, 564.6),
    Vector3.new(-1455.2, 361.6, 558.4),
    Vector3.new(-1455.2, 361.6, 552.9),
    Vector3.new(-1455.3, 361.5, 547.2),
    Vector3.new(-1455.3, 361.5, 541.7),
    Vector3.new(-1455.4, 361.4, 536.0),
    Vector3.new(-1455.4, 361.4, 530.5),
    Vector3.new(-1455.5, 361.3, 525.0),
    Vector3.new(-1455.5, 361.3, 519.7),
    Vector3.new(-1455.6, 361.2, 513.5),
    Vector3.new(-1455.6, 361.2, 507.2),
    Vector3.new(-1455.7, 361.1, 501.2),
    Vector3.new(-1455.7, 361.1, 496.5),
    Vector3.new(-1449.3, 361.1, 496.4),
    Vector3.new(-1442.9, 361.1, 496.3),
    Vector3.new(-1436.9, 361.1, 496.2),
    Vector3.new(-1430.9, 361.1, 496.1),
    Vector3.new(-1424.7, 361.1, 496.0),
    Vector3.new(-1418.5, 361.1, 495.9),
    Vector3.new(-1412.4, 361.1, 495.8),
    Vector3.new(-1406.1, 361.1, 495.7),
    Vector3.new(-1399.8, 361.1, 495.6),
    Vector3.new(-1393.4, 361.1, 495.5),
    Vector3.new(-1386.0, 361.1, 495.3),
    Vector3.new(-1379.1, 361.1, 495.2),
    Vector3.new(-1374.3, 361.1, 495.1),
    Vector3.new(-1370.8, 361.1, 495.1),
    Vector3.new(-1367.4, 361.1, 495.0),
    Vector3.new(-1363.8, 361.1, 495.0),
    Vector3.new(-1360.4, 361.1, 494.9),
    Vector3.new(-1357.0, 361.1, 494.8),
    Vector3.new(-1353.6, 361.1, 494.8),
    Vector3.new(-1348.8, 361.1, 494.7),
    Vector3.new(-1345.4, 361.4, 494.7),
    Vector3.new(-1342.0, 361.7, 494.7),
    Vector3.new(-1338.6, 362.0, 494.7),
    Vector3.new(-1335.3, 362.3, 494.8),
    Vector3.new(-1331.9, 362.6, 494.8),
    Vector3.new(-1327.1, 363.0, 494.8),
    Vector3.new(-1323.9, 361.9, 494.9),
    Vector3.new(-1320.6, 360.8, 494.9),
    Vector3.new(-1317.4, 359.8, 495.0),
    Vector3.new(-1314.1, 358.7, 495.0),
    Vector3.new(-1311.0, 357.6, 495.1),
    Vector3.new(-1307.7, 356.6, 495.1),
    Vector3.new(-1304.5, 355.5, 495.2),
    Vector3.new(-1301.3, 354.4, 495.3),
    Vector3.new(-1298.1, 353.4, 495.3),
    Vector3.new(-1294.8, 352.3, 495.4),
    Vector3.new(-1291.6, 351.2, 495.4),
    Vector3.new(-1288.3, 350.1, 495.5),
    Vector3.new(-1285.1, 349.0, 495.6),
    Vector3.new(-1281.8, 347.9, 495.6),
    Vector3.new(-1278.6, 346.9, 495.7),
    Vector3.new(-1275.5, 345.8, 495.7),
    Vector3.new(-1272.3, 344.8, 495.8),
    Vector3.new(-1269.0, 343.7, 495.8),
    Vector3.new(-1265.8, 342.6, 495.9),
    Vector3.new(-1262.6, 341.6, 496.0),
    Vector3.new(-1259.4, 340.5, 496.0),
    Vector3.new(-1255.7, 339.2, 496.1),
    Vector3.new(-1252.4, 338.2, 496.1),
    Vector3.new(-1249.1, 337.1, 496.2),
    Vector3.new(-1243.8, 335.3, 496.3),
    Vector3.new(-1243.8, 334.1, 499.5),
    Vector3.new(-1243.8, 332.8, 502.8),
    Vector3.new(-1243.8, 331.6, 506.0),
    Vector3.new(-1243.8, 330.3, 509.3),
    Vector3.new(-1243.8, 329.0, 512.7),
    Vector3.new(-1243.8, 327.8, 515.9),
    Vector3.new(-1243.8, 326.6, 519.1),
    Vector3.new(-1243.8, 325.3, 522.3),
    Vector3.new(-1243.8, 324.1, 525.5),
    Vector3.new(-1243.8, 322.9, 528.8),
    Vector3.new(-1243.8, 321.7, 532.0),
    Vector3.new(-1243.8, 320.5, 535.1),
    Vector3.new(-1243.8, 319.3, 538.2),
    Vector3.new(-1243.8, 318.1, 541.4),
    Vector3.new(-1243.8, 316.8, 544.7),
    Vector3.new(-1243.8, 315.6, 547.9),
    Vector3.new(-1243.8, 313.0, 554.6),
    Vector3.new(-1243.4, 313.8, 557.9),
    Vector3.new(-1243.0, 314.7, 561.3),
    Vector3.new(-1242.5, 315.5, 564.7),
    Vector3.new(-1242.1, 316.3, 568.0),
    Vector3.new(-1241.7, 317.2, 571.3),
    Vector3.new(-1241.3, 318.0, 574.6),
    Vector3.new(-1240.9, 318.8, 577.9),
    Vector3.new(-1240.5, 319.7, 581.2),
    Vector3.new(-1240.0, 320.5, 584.7),
    Vector3.new(-1239.6, 321.3, 587.9),
    Vector3.new(-1239.2, 322.2, 591.3),
    Vector3.new(-1238.8, 323.0, 594.5),
    Vector3.new(-1238.4, 323.8, 597.9),
    Vector3.new(-1237.5, 325.6, 605.0),
    Vector3.new(-1236.4, 326.1, 608.2),
    Vector3.new(-1235.3, 326.6, 611.5),
    Vector3.new(-1234.2, 327.2, 614.9),
    Vector3.new(-1233.1, 327.7, 618.3),
    Vector3.new(-1228.8, 329.7, 631.0),
    Vector3.new(-1230.7, 329.7, 637.1),
    Vector3.new(-1232.5, 329.7, 643.2),
    Vector3.new(-1234.3, 329.7, 649.0),
    Vector3.new(-1236.2, 329.7, 655.3),
    Vector3.new(-1238.2, 329.7, 661.6),
    Vector3.new(-1240.1, 329.7, 668.0),
    Vector3.new(-1242.1, 329.7, 674.4),
    Vector3.new(-1245.2, 329.7, 684.7),
    Vector3.new(-1241.3, 330.0, 690.3),
    Vector3.new(-1237.4, 330.4, 696.0),
    Vector3.new(-1233.3, 330.7, 701.9),
    Vector3.new(-1228.6, 331.1, 708.7),
    Vector3.new(-1223.1, 331.6, 716.7),
    Vector3.new(-1222.9, 332.5, 723.8),
    Vector3.new(-1222.7, 333.4, 730.8),
    Vector3.new(-1222.5, 334.4, 737.9),
    Vector3.new(-1222.3, 335.5, 746.8),
    Vector3.new(-1222.0, 336.5, 754.6),
    Vector3.new(-1221.8, 337.6, 762.6),
    Vector3.new(-1221.6, 338.6, 770.3),
    Vector3.new(-1221.4, 339.6, 778.0),
    Vector3.new(-1221.2, 340.6, 785.8),
    Vector3.new(-1221.0, 341.6, 793.8),
    Vector3.new(-1220.8, 342.6, 801.4),
    Vector3.new(-1220.5, 343.6, 809.2),
    Vector3.new(-1220.3, 344.6, 816.9),
    Vector3.new(-1220.1, 345.6, 824.3),
    Vector3.new(-1219.8, 347.1, 835.8),
    Vector3.new(-1227.7, 347.8, 836.2),
    Vector3.new(-1235.2, 348.4, 836.6),
    Vector3.new(-1246.3, 349.4, 837.2),
    Vector3.new(-1253.9, 350.4, 837.5),
    Vector3.new(-1261.1, 351.3, 837.9),
    Vector3.new(-1268.3, 352.3, 838.2),
    Vector3.new(-1272.1, 352.7, 838.4),
    Vector3.new(-1275.8, 353.2, 838.6),
    Vector3.new(-1280.0, 353.8, 838.8),
    Vector3.new(-1283.9, 354.3, 838.9),
    Vector3.new(-1287.5, 354.8, 839.1),
    Vector3.new(-1291.2, 355.2, 839.3),
    Vector3.new(-1294.7, 355.7, 839.4),
    Vector3.new(-1298.4, 356.2, 839.6),
    Vector3.new(-1302.1, 356.6, 839.8),
    Vector3.new(-1305.8, 357.1, 840.0),
    Vector3.new(-1309.4, 357.6, 840.1),
    Vector3.new(-1313.1, 358.1, 840.3),
    Vector3.new(-1316.8, 358.6, 840.5),
    Vector3.new(-1320.5, 359.0, 840.6),
    Vector3.new(-1324.1, 359.5, 840.8),
    Vector3.new(-1327.9, 360.0, 841.0),
    Vector3.new(-1331.6, 360.5, 841.1),
    Vector3.new(-1335.4, 361.0, 841.3),
    Vector3.new(-1339.0, 361.4, 841.5),
    Vector3.new(-1342.7, 361.9, 841.7),
    Vector3.new(-1346.4, 362.4, 841.8),
    Vector3.new(-1350.1, 362.9, 842.0),
    Vector3.new(-1353.7, 363.4, 842.2),
    Vector3.new(-1357.5, 363.8, 842.3),
    Vector3.new(-1361.2, 364.3, 842.5),
    Vector3.new(-1364.9, 364.8, 842.7),
    Vector3.new(-1369.5, 365.4, 842.9),
    Vector3.new(-1373.1, 364.7, 843.7),
    Vector3.new(-1376.6, 363.9, 844.5),
    Vector3.new(-1380.2, 363.2, 845.3),
    Vector3.new(-1383.7, 362.4, 846.1),
    Vector3.new(-1387.3, 361.7, 846.9),
    Vector3.new(-1390.8, 361.0, 847.6),
    Vector3.new(-1394.3, 360.2, 848.4),
    Vector3.new(-1398.2, 359.4, 849.3),
    Vector3.new(-1398.3, 359.9, 845.6),
    Vector3.new(-1398.5, 360.4, 841.5),
    Vector3.new(-1398.6, 360.8, 837.7),
    Vector3.new(-1399.0, 362.3, 825.9),
    Vector3.new(-1399.1, 362.8, 822.1),
    Vector3.new(-1399.2, 363.2, 818.4),
    Vector3.new(-1399.4, 363.7, 814.7),
    Vector3.new(-1399.5, 364.2, 810.9),
    Vector3.new(-1399.6, 364.6, 807.2),
    Vector3.new(-1399.7, 365.1, 803.2),
    Vector3.new(-1399.9, 365.6, 799.1),
    Vector3.new(-1400.0, 366.1, 795.3),
    Vector3.new(-1400.1, 366.6, 791.5),
    Vector3.new(-1400.3, 367.0, 787.8),
    Vector3.new(-1400.4, 367.5, 784.0),
    Vector3.new(-1400.5, 368.0, 780.2),
    Vector3.new(-1400.6, 368.4, 776.5),
    Vector3.new(-1400.8, 368.9, 772.6),
    Vector3.new(-1400.9, 369.5, 767.9),
    Vector3.new(-1401.1, 370.0, 764.1),
    Vector3.new(-1401.2, 370.4, 760.3),
    Vector3.new(-1401.3, 370.9, 756.5),
    Vector3.new(-1401.5, 371.4, 752.5),
    Vector3.new(-1401.6, 371.9, 748.7),
    Vector3.new(-1401.7, 372.3, 744.9),
    Vector3.new(-1401.8, 372.8, 740.9),
    Vector3.new(-1402.0, 373.3, 737.2),
    Vector3.new(-1402.1, 373.8, 733.3),
    Vector3.new(-1402.2, 374.3, 729.5),
    Vector3.new(-1402.4, 374.9, 724.3),
    Vector3.new(-1402.4, 378.8, 724.3),
    Vector3.new(-1402.4, 382.7, 724.3),
    Vector3.new(-1402.4, 386.6, 724.3),
    Vector3.new(-1402.4, 390.6, 724.3),
    Vector3.new(-1402.4, 394.4, 724.3),
    Vector3.new(-1402.4, 398.2, 724.3),
    Vector3.new(-1402.4, 402.1, 724.3),
    Vector3.new(-1402.4, 406.0, 724.3),
    Vector3.new(-1402.4, 410.0, 724.3),
    Vector3.new(-1402.4, 413.9, 724.3),
    Vector3.new(-1402.4, 418.1, 724.3),
    Vector3.new(-1402.4, 421.9, 724.3),
    Vector3.new(-1402.4, 425.9, 724.3),
    Vector3.new(-1402.4, 429.7, 724.3),
    Vector3.new(-1402.4, 433.6, 724.3),
    Vector3.new(-1402.4, 437.8, 724.3),
    Vector3.new(-1402.4, 441.7, 724.3),
    Vector3.new(-1402.4, 445.6, 724.3),
    Vector3.new(-1402.4, 449.6, 724.3),
    Vector3.new(-1402.4, 453.5, 724.3),
    Vector3.new(-1402.4, 457.5, 724.3),
    Vector3.new(-1402.4, 461.4, 724.3),
    Vector3.new(-1402.4, 465.3, 724.3),
    Vector3.new(-1402.4, 469.3, 724.3),
    Vector3.new(-1402.4, 473.6, 724.3),
    Vector3.new(-1402.4, 477.8, 724.3),
    Vector3.new(-1402.4, 481.8, 724.3),
    Vector3.new(-1402.4, 485.9, 724.3),
    Vector3.new(-1402.4, 489.8, 724.3),
    Vector3.new(-1402.4, 493.8, 724.3),
    Vector3.new(-1402.4, 497.7, 724.3),
    Vector3.new(-1402.4, 502.2, 724.3),
    Vector3.new(-1402.4, 506.1, 724.3),
    Vector3.new(-1402.4, 510.2, 724.3),
    Vector3.new(-1402.4, 514.3, 724.3),
    Vector3.new(-1402.4, 518.2, 724.3),
    Vector3.new(-1402.4, 522.2, 724.3),
    Vector3.new(-1402.4, 526.1, 724.3),
    Vector3.new(-1402.4, 530.3, 724.3),
    Vector3.new(-1402.4, 534.4, 724.3),
    Vector3.new(-1402.4, 538.3, 724.3),
    Vector3.new(-1402.4, 542.4, 724.3),
    Vector3.new(-1402.4, 546.4, 724.3),
    Vector3.new(-1402.4, 550.4, 724.3),
    Vector3.new(-1402.4, 554.4, 724.3),
    Vector3.new(-1402.4, 558.4, 724.3),
    Vector3.new(-1402.4, 564.1, 724.3),
    Vector3.new(-1402.6, 561.4, 727.2),
    Vector3.new(-1402.8, 558.7, 730.1),
    Vector3.new(-1403.1, 555.9, 733.1),
    Vector3.new(-1403.3, 553.2, 736.0),
    Vector3.new(-1403.5, 550.5, 738.9),
    Vector3.new(-1403.7, 547.8, 741.8),
    Vector3.new(-1404.0, 545.1, 744.7),
    Vector3.new(-1404.2, 542.5, 747.6),
    Vector3.new(-1404.4, 539.6, 750.7),
    Vector3.new(-1404.7, 536.9, 753.6),
    Vector3.new(-1404.9, 533.9, 756.8),
    Vector3.new(-1404.7, 533.9, 760.9),
    Vector3.new(-1404.5, 533.9, 764.9),
    Vector3.new(-1404.4, 533.9, 768.9),
    Vector3.new(-1404.2, 533.9, 773.1),
    Vector3.new(-1404.0, 533.9, 777.1),
    Vector3.new(-1403.8, 533.9, 781.2),
    Vector3.new(-1403.6, 533.9, 785.8),
    Vector3.new(-1406.6, 533.9, 788.6),
    Vector3.new(-1409.6, 533.9, 791.4),
    Vector3.new(-1412.5, 533.9, 794.2),
    Vector3.new(-1416.2, 533.9, 797.7),
    Vector3.new(-1419.1, 533.9, 800.4),
    Vector3.new(-1422.1, 533.9, 803.1),
    Vector3.new(-1425.0, 533.9, 805.9),
    Vector3.new(-1427.9, 533.9, 808.6),
    Vector3.new(-1430.7, 533.9, 811.3),
    Vector3.new(-1433.6, 533.9, 814.0),
    Vector3.new(-1436.5, 533.9, 816.7),
    Vector3.new(-1439.4, 533.9, 819.5),
    Vector3.new(-1442.4, 533.9, 822.2),
    Vector3.new(-1445.3, 533.9, 824.9),
    Vector3.new(-1448.2, 533.9, 827.7),
    Vector3.new(-1451.1, 533.9, 830.5),
    Vector3.new(-1454.1, 533.9, 833.2),
    Vector3.new(-1457.1, 533.9, 836.0),
    Vector3.new(-1460.0, 533.9, 838.8),
    Vector3.new(-1463.1, 533.9, 841.7),
    Vector3.new(-1466.1, 533.9, 844.5),
    Vector3.new(-1469.1, 533.9, 847.3),
    Vector3.new(-1472.0, 533.9, 850.1),
    Vector3.new(-1475.0, 533.9, 852.9),
    Vector3.new(-1478.0, 533.9, 855.7),
    Vector3.new(-1481.0, 533.9, 858.5),
    Vector3.new(-1484.0, 533.9, 861.3),
    Vector3.new(-1487.0, 533.9, 864.2),
    Vector3.new(-1490.1, 533.9, 867.1),
    Vector3.new(-1493.1, 533.9, 869.9),
    Vector3.new(-1496.1, 533.9, 872.7),
    Vector3.new(-1499.0, 533.9, 875.5),
    Vector3.new(-1502.0, 533.9, 878.3),
    Vector3.new(-1505.0, 533.9, 881.1),
    Vector3.new(-1508.0, 533.9, 883.9),
    Vector3.new(-1510.9, 533.9, 886.7),
    Vector3.new(-1513.9, 533.9, 889.4),
    Vector3.new(-1516.9, 533.9, 892.2),
    Vector3.new(-1519.8, 533.9, 895.0),
    Vector3.new(-1522.8, 533.9, 897.8),
    Vector3.new(-1525.7, 533.9, 900.6),
    Vector3.new(-1528.7, 533.9, 903.4),
    Vector3.new(-1531.7, 533.9, 906.2),
    Vector3.new(-1534.7, 533.9, 909.0),
    Vector3.new(-1537.8, 533.9, 911.9),
    Vector3.new(-1541.0, 533.9, 914.9),
    Vector3.new(-1544.1, 533.9, 917.8),
    Vector3.new(-1547.3, 533.9, 920.8),
    Vector3.new(-1550.4, 533.9, 923.8),
    Vector3.new(-1553.6, 533.9, 926.8),
    Vector3.new(-1557.0, 533.9, 929.9),
    Vector3.new(-1560.1, 533.9, 932.8),
    Vector3.new(-1563.2, 533.9, 935.8),
    Vector3.new(-1566.3, 533.9, 938.7),
    Vector3.new(-1569.3, 533.9, 941.5),
    Vector3.new(-1572.3, 533.9, 944.3),
    Vector3.new(-1575.5, 533.9, 947.4),
    Vector3.new(-1578.6, 533.9, 950.2),
    Vector3.new(-1581.5, 533.9, 953.0),
    Vector3.new(-1584.9, 533.9, 956.2),
    Vector3.new(-1587.9, 533.9, 959.0),
    Vector3.new(-1590.8, 533.9, 961.7),
    Vector3.new(-1594.1, 533.9, 964.8),
    Vector3.new(-1597.9, 533.9, 968.3),
    Vector3.new(-1600.9, 533.9, 971.2),
    Vector3.new(-1604.0, 533.9, 974.1),
    Vector3.new(-1607.0, 533.9, 976.9),
    Vector3.new(-1610.1, 533.9, 979.8),
    Vector3.new(-1613.0, 533.9, 982.6),
    Vector3.new(-1616.0, 533.9, 985.4),
    Vector3.new(-1619.1, 533.9, 988.3),
    Vector3.new(-1622.0, 533.9, 991.1),
    Vector3.new(-1625.2, 533.9, 994.0),
    Vector3.new(-1628.2, 533.9, 996.9),
    Vector3.new(-1631.4, 533.9, 999.8),
    Vector3.new(-1634.5, 533.9, 1002.8),
    Vector3.new(-1638.6, 533.9, 1006.6),
    Vector3.new(-1641.6, 533.9, 1009.5),
    Vector3.new(-1644.6, 533.9, 1012.3),
    Vector3.new(-1647.6, 533.9, 1015.1),
    Vector3.new(-1654.1, 533.9, 1021.2),
    Vector3.new(-1649.9, 533.9, 1026.0),
    Vector3.new(-1645.9, 533.9, 1030.6),
    Vector3.new(-1641.8, 533.9, 1035.3),
    Vector3.new(-1637.7, 533.9, 1039.9),
    Vector3.new(-1633.7, 533.9, 1044.6),
    Vector3.new(-1629.5, 533.9, 1049.4),
    Vector3.new(-1620.7, 533.9, 1059.5),
    Vector3.new(-1615.5, 533.9, 1065.4),
    Vector3.new(-1611.5, 533.9, 1070.0),
    Vector3.new(-1607.2, 533.9, 1074.9),
    Vector3.new(-1603.0, 533.9, 1079.7),
    Vector3.new(-1599.0, 533.9, 1084.3),
    Vector3.new(-1594.7, 533.9, 1089.1),
    Vector3.new(-1590.4, 533.9, 1094.1),
    Vector3.new(-1585.9, 533.9, 1099.2),
    Vector3.new(-1581.5, 533.9, 1104.3),
    Vector3.new(-1577.2, 533.9, 1109.2),
    Vector3.new(-1572.8, 533.9, 1114.3),
    Vector3.new(-1568.3, 533.9, 1119.3),
    Vector3.new(-1563.9, 533.9, 1124.4),
    Vector3.new(-1559.1, 533.9, 1129.9),
    Vector3.new(-1553.9, 533.9, 1135.9),
    Vector3.new(-1549.1, 533.9, 1141.3),
    Vector3.new(-1544.3, 533.9, 1146.9),
    Vector3.new(-1539.5, 533.9, 1152.3),
    Vector3.new(-1534.8, 533.9, 1157.8),
    Vector3.new(-1530.0, 533.9, 1163.3),
    Vector3.new(-1525.2, 533.9, 1168.7),
    Vector3.new(-1520.3, 533.9, 1174.3),
    Vector3.new(-1515.5, 533.9, 1179.8),
    Vector3.new(-1510.7, 533.9, 1185.3),
    Vector3.new(-1505.8, 533.9, 1190.9),
    Vector3.new(-1500.9, 533.9, 1196.6),
    Vector3.new(-1496.3, 533.9, 1201.8),
    Vector3.new(-1493.6, 533.9, 1204.9),
    Vector3.new(-1490.5, 533.9, 1208.4),
    Vector3.new(-1487.7, 533.9, 1211.7),
    Vector3.new(-1484.9, 533.9, 1214.8),
    Vector3.new(-1482.2, 533.9, 1217.9),
    Vector3.new(-1479.3, 533.9, 1221.2),
    Vector3.new(-1476.4, 533.9, 1224.6),
    Vector3.new(-1473.5, 533.9, 1227.9),
    Vector3.new(-1470.7, 533.9, 1231.1),
    Vector3.new(-1467.9, 533.9, 1234.2),
    Vector3.new(-1465.2, 533.9, 1237.4),
    Vector3.new(-1462.5, 533.9, 1240.4),
    Vector3.new(-1459.7, 533.9, 1243.7),
    Vector3.new(-1456.9, 533.9, 1246.9),
    Vector3.new(-1454.1, 533.9, 1250.1),
    Vector3.new(-1451.4, 533.9, 1253.2),
    Vector3.new(-1448.6, 533.9, 1256.4),
    Vector3.new(-1445.7, 533.9, 1259.7),
    Vector3.new(-1443.0, 533.9, 1262.8),
    Vector3.new(-1440.2, 533.9, 1266.0),
    Vector3.new(-1437.2, 533.9, 1269.4),
    Vector3.new(-1434.4, 533.9, 1272.6),
    Vector3.new(-1431.5, 533.9, 1276.0),
    Vector3.new(-1428.6, 533.9, 1279.2),
    Vector3.new(-1425.9, 533.9, 1282.4),
    Vector3.new(-1423.1, 533.9, 1285.6),
    Vector3.new(-1420.2, 533.9, 1288.9),
    Vector3.new(-1417.1, 533.9, 1292.4),
    Vector3.new(-1414.4, 533.9, 1295.5),
    Vector3.new(-1411.5, 533.9, 1298.8),
    Vector3.new(-1408.8, 533.9, 1302.0),
    Vector3.new(-1405.5, 533.9, 1305.7),
    Vector3.new(-1405.5, 534.0, 1310.0),
    Vector3.new(-1405.5, 534.0, 1314.3),
    Vector3.new(-1405.4, 534.1, 1318.8),
    Vector3.new(-1405.4, 534.2, 1323.1),
    Vector3.new(-1405.4, 534.3, 1327.5),
    Vector3.new(-1405.4, 534.3, 1331.7),
    Vector3.new(-1405.4, 534.4, 1336.0),
    Vector3.new(-1405.4, 534.5, 1340.3),
    Vector3.new(-1405.3, 534.5, 1344.5),
    Vector3.new(-1405.3, 534.6, 1348.9),
    Vector3.new(-1405.3, 534.7, 1353.2),
    Vector3.new(-1405.3, 534.7, 1357.5),
    Vector3.new(-1405.3, 534.8, 1361.8),
    Vector3.new(-1405.3, 534.9, 1366.1),
    Vector3.new(-1405.2, 535.0, 1370.4),
    Vector3.new(-1405.2, 535.0, 1374.8),
    Vector3.new(-1405.2, 535.1, 1379.1),
    Vector3.new(-1405.2, 535.2, 1383.4),
    Vector3.new(-1405.2, 535.2, 1387.7),
    Vector3.new(-1405.2, 535.3, 1392.0),
    Vector3.new(-1405.1, 535.4, 1396.3),
    Vector3.new(-1405.1, 535.5, 1400.7),
    Vector3.new(-1405.1, 535.5, 1405.1),
    Vector3.new(-1405.1, 535.6, 1409.7),
    Vector3.new(-1405.1, 535.7, 1413.9),
    Vector3.new(-1405.1, 535.7, 1418.5),
    Vector3.new(-1405.0, 535.9, 1426.0),
    Vector3.new(-1405.0, 536.0, 1433.1),
    Vector3.new(-1405.0, 536.1, 1439.9),
    Vector3.new(-1404.9, 536.2, 1446.5),
    Vector3.new(-1404.9, 536.3, 1453.3),
    Vector3.new(-1404.9, 536.4, 1459.8),
    Vector3.new(-1404.9, 536.5, 1466.4),
    Vector3.new(-1404.8, 536.6, 1472.8),
    Vector3.new(-1404.8, 536.7, 1479.1),
    Vector3.new(-1404.8, 536.8, 1483.4),
    Vector3.new(-1410.7, 535.2, 1481.3),
    Vector3.new(-1416.8, 533.7, 1479.1),
    Vector3.new(-1422.5, 532.2, 1477.0),
    Vector3.new(-1428.2, 530.6, 1474.9),
    Vector3.new(-1434.2, 529.1, 1472.8),
    Vector3.new(-1439.9, 527.6, 1470.7),
    Vector3.new(-1445.7, 526.1, 1468.7),
    Vector3.new(-1452.0, 524.4, 1466.4),
    Vector3.new(-1457.7, 522.9, 1464.3),
    Vector3.new(-1462.5, 521.6, 1462.6),
    Vector3.new(-1467.2, 520.4, 1460.9),
    Vector3.new(-1472.4, 519.0, 1459.0),
    Vector3.new(-1477.3, 517.7, 1457.3),
    Vector3.new(-1482.3, 516.4, 1455.4),
    Vector3.new(-1487.0, 515.2, 1453.8),
    Vector3.new(-1492.5, 513.7, 1451.8),
    Vector3.new(-1497.3, 512.5, 1450.0),
    Vector3.new(-1502.2, 511.2, 1448.3),
    Vector3.new(-1507.1, 509.9, 1446.5),
    Vector3.new(-1512.4, 509.9, 1446.5),
    Vector3.new(-1517.8, 509.9, 1446.5),
    Vector3.new(-1523.1, 509.9, 1446.5),
    Vector3.new(-1528.4, 509.9, 1446.5),
    Vector3.new(-1533.8, 509.9, 1446.5),
    Vector3.new(-1542.2, 509.9, 1446.5),
    Vector3.new(-1547.5, 509.9, 1446.5),
    Vector3.new(-1551.8, 509.9, 1446.5),
    Vector3.new(-1556.4, 509.9, 1446.5),
    Vector3.new(-1560.7, 509.9, 1446.5),
    Vector3.new(-1564.9, 509.9, 1446.5),
    Vector3.new(-1569.0, 509.9, 1446.5),
    Vector3.new(-1573.2, 509.9, 1446.5),
    Vector3.new(-1577.4, 509.9, 1446.5),
    Vector3.new(-1581.8, 509.9, 1446.5),
    Vector3.new(-1586.1, 509.9, 1446.5),
    Vector3.new(-1590.5, 509.9, 1446.5),
    Vector3.new(-1594.7, 509.9, 1446.5),
    Vector3.new(-1599.0, 509.9, 1446.5),
    Vector3.new(-1603.5, 509.9, 1446.5),
    Vector3.new(-1607.8, 509.9, 1446.5),
    Vector3.new(-1612.0, 509.9, 1446.5),
    Vector3.new(-1616.2, 509.9, 1446.5),
    Vector3.new(-1620.3, 509.9, 1446.6),
    Vector3.new(-1624.5, 509.9, 1446.6),
    Vector3.new(-1628.9, 509.9, 1446.6),
    Vector3.new(-1633.1, 509.9, 1446.6),
    Vector3.new(-1637.3, 509.9, 1446.6),
    Vector3.new(-1642.0, 509.9, 1446.6),
    Vector3.new(-1646.3, 509.9, 1446.6),
    Vector3.new(-1650.5, 509.9, 1446.6),
    Vector3.new(-1654.7, 509.9, 1446.6),
    Vector3.new(-1659.2, 509.9, 1446.6),
    Vector3.new(-1663.4, 509.9, 1446.6),
    Vector3.new(-1667.8, 509.9, 1446.6),
    Vector3.new(-1672.0, 509.9, 1446.6),
    Vector3.new(-1676.3, 509.9, 1446.6),
    Vector3.new(-1680.5, 509.9, 1446.6),
    Vector3.new(-1684.7, 509.9, 1446.6),
    Vector3.new(-1689.0, 509.9, 1446.6),
    Vector3.new(-1693.5, 509.9, 1446.6),
    Vector3.new(-1697.9, 509.9, 1446.6),
    Vector3.new(-1702.1, 509.9, 1446.6),
    Vector3.new(-1706.4, 509.9, 1446.6),
    Vector3.new(-1710.9, 509.9, 1446.6),
    Vector3.new(-1715.2, 509.9, 1446.6),
    Vector3.new(-1719.5, 509.9, 1446.6),
    Vector3.new(-1724.0, 509.9, 1446.6),
    Vector3.new(-1728.4, 509.9, 1446.6),
    Vector3.new(-1733.0, 509.9, 1446.6),
    Vector3.new(-1737.5, 509.9, 1446.6),
    Vector3.new(-1741.9, 509.9, 1446.6),
    Vector3.new(-1746.3, 509.9, 1446.6),
    Vector3.new(-1750.7, 509.9, 1446.6),
    Vector3.new(-1755.4, 509.9, 1446.6),
    Vector3.new(-1759.8, 509.9, 1446.6),
    Vector3.new(-1764.0, 509.9, 1446.6),
    Vector3.new(-1768.3, 509.9, 1446.6),
    Vector3.new(-1772.5, 509.9, 1446.6),
    Vector3.new(-1776.8, 509.9, 1446.6),
    Vector3.new(-1781.2, 509.9, 1446.6),
    Vector3.new(-1785.4, 509.9, 1446.6),
    Vector3.new(-1789.6, 509.9, 1446.6),
    Vector3.new(-1793.9, 509.9, 1446.6),
    Vector3.new(-1798.5, 509.9, 1446.6),
    Vector3.new(-1802.7, 509.9, 1446.6),
    Vector3.new(-1807.2, 509.9, 1446.6),
    Vector3.new(-1811.7, 509.9, 1446.6),
    Vector3.new(-1816.1, 509.9, 1446.6),
    Vector3.new(-1820.3, 509.9, 1446.6),
    Vector3.new(-1824.9, 509.9, 1446.6),
    Vector3.new(-1829.3, 509.9, 1446.6),
    Vector3.new(-1838.5, 509.9, 1446.6),
    Vector3.new(-1845.9, 509.9, 1446.7),
    Vector3.new(-1853.1, 509.9, 1446.7),
    Vector3.new(-1861.0, 509.9, 1446.7),
    Vector3.new(-1868.3, 509.9, 1446.7),
    Vector3.new(-1875.5, 509.9, 1446.7),
    Vector3.new(-1882.8, 509.9, 1446.7),
    Vector3.new(-1890.3, 509.9, 1446.7),
    Vector3.new(-1897.5, 509.9, 1446.7),
    Vector3.new(-1904.8, 509.9, 1446.7),
    Vector3.new(-1912.3, 509.9, 1446.7),
    Vector3.new(-1920.2, 509.9, 1446.7),
    Vector3.new(-1927.4, 509.9, 1446.7),
    Vector3.new(-1934.8, 509.9, 1446.7),
    Vector3.new(-1942.3, 509.9, 1446.7),
    Vector3.new(-1949.4, 509.9, 1446.7),
    Vector3.new(-1953.5, 509.9, 1446.7),
    Vector3.new(-1960.6, 509.9, 1446.8),
    Vector3.new(-1967.7, 509.9, 1446.8),
    Vector3.new(-1975.1, 509.9, 1446.9),
    Vector3.new(-1982.6, 509.9, 1447.0),
    Vector3.new(-1989.7, 509.9, 1447.1),
    Vector3.new(-1997.0, 509.9, 1447.1),
    Vector3.new(-2002.1, 509.9, 1447.2),
    Vector3.new(-2006.3, 509.9, 1447.2),
    Vector3.new(-2010.8, 509.9, 1447.3),
    Vector3.new(-2015.2, 509.9, 1447.3),
    Vector3.new(-2019.5, 509.9, 1447.4),
    Vector3.new(-2023.7, 509.9, 1447.4),
    Vector3.new(-2028.0, 509.9, 1447.4),
    Vector3.new(-2034.4, 509.9, 1447.5),
    Vector3.new(-2037.3, 509.0, 1450.6),
    Vector3.new(-2040.3, 508.0, 1453.7),
    Vector3.new(-2043.2, 507.1, 1456.8),
    Vector3.new(-2046.1, 506.1, 1459.9),
    Vector3.new(-2049.0, 505.2, 1463.0),
    Vector3.new(-2051.9, 504.2, 1466.1),
    Vector3.new(-2055.0, 503.3, 1469.3),
    Vector3.new(-2057.9, 502.3, 1472.5),
    Vector3.new(-2060.9, 501.3, 1475.6),
    Vector3.new(-2063.9, 500.4, 1478.8),
    Vector3.new(-2068.5, 498.9, 1483.7),
    Vector3.new(-2068.5, 494.6, 1483.7),
    Vector3.new(-2068.5, 490.4, 1483.7),
    Vector3.new(-2068.4, 486.2, 1483.7),
    Vector3.new(-2068.4, 481.5, 1483.7),
    Vector3.new(-2068.4, 477.2, 1483.7),
    Vector3.new(-2068.4, 472.9, 1483.7),
    Vector3.new(-2068.3, 468.7, 1483.7),
    Vector3.new(-2068.3, 464.4, 1483.7),
    Vector3.new(-2068.3, 459.9, 1483.7),
    Vector3.new(-2068.3, 455.6, 1483.7),
    Vector3.new(-2068.2, 451.3, 1483.7),
    Vector3.new(-2068.2, 443.9, 1483.7),
    Vector3.new(-2072.6, 443.9, 1483.7),
    Vector3.new(-2076.8, 444.0, 1483.7),
    Vector3.new(-2081.2, 444.0, 1483.8),
    Vector3.new(-2085.6, 444.0, 1483.8),
    Vector3.new(-2089.9, 444.1, 1483.8),
    Vector3.new(-2094.2, 444.1, 1483.8),
    Vector3.new(-2098.5, 444.2, 1483.8),
    Vector3.new(-2102.8, 444.2, 1483.8),
    Vector3.new(-2107.0, 444.2, 1483.9),
    Vector3.new(-2111.5, 444.3, 1483.9),
    Vector3.new(-2116.0, 444.3, 1483.9),
    Vector3.new(-2120.5, 444.3, 1483.9),
    Vector3.new(-2124.8, 444.4, 1483.9),
    Vector3.new(-2129.2, 444.4, 1484.0),
    Vector3.new(-2133.5, 444.5, 1484.0),
    Vector3.new(-2139.2, 444.5, 1484.0),
    Vector3.new(-2143.2, 445.6, 1484.0),
    Vector3.new(-2147.5, 446.7, 1484.1),
    Vector3.new(-2151.7, 447.9, 1484.1),
    Vector3.new(-2156.1, 449.0, 1484.2),
    Vector3.new(-2160.4, 450.2, 1484.2),
    Vector3.new(-2168.4, 452.3, 1484.3),
    Vector3.new(-2173.3, 451.9, 1484.3),
    Vector3.new(-2177.8, 451.5, 1484.4),
    Vector3.new(-2182.1, 451.1, 1484.4),
    Vector3.new(-2186.8, 450.7, 1484.4),
    Vector3.new(-2191.8, 450.3, 1484.4),
    Vector3.new(-2196.3, 449.9, 1484.5),
    Vector3.new(-2200.6, 449.5, 1484.5),
    Vector3.new(-2205.0, 449.1, 1484.5),
    Vector3.new(-2209.5, 448.7, 1484.6),
    Vector3.new(-2213.9, 448.3, 1484.6),
    Vector3.new(-2218.3, 447.9, 1484.6),
    Vector3.new(-2223.6, 447.5, 1484.7),
    Vector3.new(-2228.0, 447.1, 1484.7),
    Vector3.new(-2235.8, 446.4, 1484.7),
    Vector3.new(-2243.4, 445.7, 1484.8),
    Vector3.new(-2250.9, 445.1, 1484.8),
    Vector3.new(-2258.5, 444.4, 1484.9),
    Vector3.new(-2266.0, 443.8, 1484.9),
    Vector3.new(-2273.5, 443.1, 1485.0),
    Vector3.new(-2281.0, 442.5, 1485.0),
    Vector3.new(-2288.5, 441.8, 1485.1),
    Vector3.new(-2296.2, 441.1, 1485.1),
    Vector3.new(-2304.0, 440.4, 1485.2),
    Vector3.new(-2309.1, 440.0, 1485.2),
    Vector3.new(-2315.1, 441.6, 1485.1),
    Vector3.new(-2320.7, 443.0, 1485.1),
    Vector3.new(-2326.2, 444.5, 1485.0),
    Vector3.new(-2334.1, 446.5, 1485.0),
    Vector3.new(-2342.8, 448.8, 1484.9),
    Vector3.new(-2352.9, 448.3, 1484.8),
    Vector3.new(-2359.1, 448.0, 1484.8),
    Vector3.new(-2364.9, 447.7, 1484.7),
    Vector3.new(-2370.4, 447.4, 1484.7),
    Vector3.new(-2376.2, 447.1, 1484.6),
    Vector3.new(-2381.9, 446.8, 1484.6),
    Vector3.new(-2387.5, 446.5, 1484.5),
    Vector3.new(-2393.2, 446.2, 1484.5),
    Vector3.new(-2398.8, 445.9, 1484.4),
    Vector3.new(-2404.4, 445.7, 1484.4),
    Vector3.new(-2409.9, 445.4, 1484.3),
    Vector3.new(-2415.6, 445.1, 1484.3),
    Vector3.new(-2421.2, 444.8, 1484.2),
    Vector3.new(-2426.7, 444.5, 1484.2),
    Vector3.new(-2432.4, 444.2, 1484.1),
    Vector3.new(-2437.0, 444.0, 1484.1),
    Vector3.new(-2441.3, 443.8, 1484.0),
    Vector3.new(-2445.7, 443.5, 1484.0),
    Vector3.new(-2450.2, 443.3, 1484.0),
    Vector3.new(-2454.6, 443.1, 1483.9),
    Vector3.new(-2458.9, 442.9, 1483.9),
    Vector3.new(-2463.5, 442.6, 1483.8),
    Vector3.new(-2468.2, 442.4, 1483.8),
    Vector3.new(-2472.6, 443.7, 1483.8),
    Vector3.new(-2476.9, 445.0, 1483.8),
    Vector3.new(-2481.3, 446.3, 1483.9),
    Vector3.new(-2485.6, 447.5, 1483.9),
    Vector3.new(-2490.1, 448.9, 1483.9),
    Vector3.new(-2494.5, 450.1, 1483.9),
    Vector3.new(-2498.9, 451.4, 1484.0),
    Vector3.new(-2503.4, 452.8, 1484.0),
    Vector3.new(-2508.0, 454.1, 1484.0),
    Vector3.new(-2512.2, 455.4, 1484.0),
    Vector3.new(-2516.7, 456.7, 1484.0),
    Vector3.new(-2521.1, 458.0, 1484.1),
    Vector3.new(-2525.6, 459.3, 1484.1),
    Vector3.new(-2529.9, 460.6, 1484.1),
    Vector3.new(-2534.3, 461.9, 1484.1),
    Vector3.new(-2539.8, 463.5, 1484.2),
    Vector3.new(-2547.7, 465.8, 1484.2),
    Vector3.new(-2552.2, 465.4, 1484.2),
    Vector3.new(-2556.7, 465.0, 1484.3),
    Vector3.new(-2561.2, 464.6, 1484.3),
    Vector3.new(-2565.7, 464.2, 1484.4),
    Vector3.new(-2570.3, 463.8, 1484.4),
    Vector3.new(-2575.4, 463.3, 1484.4),
    Vector3.new(-2580.0, 462.9, 1484.5),
    Vector3.new(-2584.4, 462.5, 1484.5),
    Vector3.new(-2589.1, 462.1, 1484.6),
    Vector3.new(-2593.7, 461.7, 1484.6),
    Vector3.new(-2598.1, 461.3, 1484.6),
    Vector3.new(-2602.6, 460.9, 1484.7),
    Vector3.new(-2607.0, 460.5, 1484.7),
    Vector3.new(-2611.4, 460.1, 1484.7),
    Vector3.new(-2615.9, 459.7, 1484.8),
    Vector3.new(-2620.4, 459.3, 1484.8),
    Vector3.new(-2625.0, 458.9, 1484.9),
    Vector3.new(-2629.6, 458.5, 1484.9),
    Vector3.new(-2637.9, 457.8, 1485.0),
    Vector3.new(-2646.1, 457.0, 1485.0),
    Vector3.new(-2654.0, 456.3, 1485.1),
    Vector3.new(-2661.7, 455.6, 1485.2),
    Vector3.new(-2669.4, 455.0, 1485.2),
    Vector3.new(-2677.1, 454.3, 1485.3),
    Vector3.new(-2685.0, 453.6, 1485.4),
    Vector3.new(-2692.7, 452.9, 1485.4),
    Vector3.new(-2700.4, 452.2, 1485.5),
    Vector3.new(-2708.1, 451.5, 1485.6),
    Vector3.new(-2715.7, 450.8, 1485.6),
    Vector3.new(-2722.8, 450.2, 1485.7),
    Vector3.new(-2731.3, 451.3, 1485.8),
    Vector3.new(-2736.4, 451.9, 1485.8),
    Vector3.new(-2741.1, 452.5, 1485.8),
    Vector3.new(-2745.7, 453.1, 1485.9),
    Vector3.new(-2750.1, 453.7, 1485.9),
    Vector3.new(-2754.6, 454.2, 1485.9),
    Vector3.new(-2759.1, 454.8, 1486.0),
    Vector3.new(-2763.9, 455.4, 1486.0),
    Vector3.new(-2768.5, 456.0, 1486.1),
    Vector3.new(-2772.9, 456.6, 1486.1),
    Vector3.new(-2777.5, 457.2, 1486.1),
    Vector3.new(-2781.8, 457.7, 1486.2),
    Vector3.new(-2786.3, 458.3, 1486.2),
    Vector3.new(-2790.9, 458.9, 1486.2),
    Vector3.new(-2795.7, 459.5, 1486.3),
    Vector3.new(-2800.2, 460.0, 1486.3),
    Vector3.new(-2804.7, 460.6, 1486.3),
    Vector3.new(-2809.2, 461.2, 1486.4),
    Vector3.new(-2813.8, 461.8, 1486.4),
    Vector3.new(-2818.4, 462.4, 1486.4),
    Vector3.new(-2823.1, 463.0, 1486.5),
    Vector3.new(-2827.6, 463.5, 1486.5),
    Vector3.new(-2832.3, 464.1, 1486.5),
    Vector3.new(-2836.9, 464.7, 1486.6),
    Vector3.new(-2841.7, 465.3, 1486.6),
    Vector3.new(-2846.3, 465.9, 1486.6),
    Vector3.new(-2851.0, 466.5, 1486.7),
    Vector3.new(-2855.7, 467.1, 1486.7),
    Vector3.new(-2860.3, 467.7, 1486.8),
    Vector3.new(-2865.9, 468.4, 1486.8),
    Vector3.new(-2865.5, 473.0, 1486.8),
    Vector3.new(-2865.1, 477.5, 1486.9),
    Vector3.new(-2864.7, 482.0, 1486.9),
    Vector3.new(-2864.2, 486.6, 1486.9),
    Vector3.new(-2863.8, 491.2, 1486.9),
    Vector3.new(-2863.4, 495.8, 1487.0),
    Vector3.new(-2863.0, 500.4, 1487.0),
    Vector3.new(-2862.6, 504.9, 1487.0),
    Vector3.new(-2862.2, 509.5, 1487.1),
    Vector3.new(-2861.7, 514.4, 1487.1),
    Vector3.new(-2861.3, 519.3, 1487.1),
    Vector3.new(-2860.8, 524.1, 1487.2),
    Vector3.new(-2860.2, 530.9, 1487.2),
    Vector3.new(-2864.7, 531.5, 1487.1),
    Vector3.new(-2869.3, 532.2, 1487.0),
    Vector3.new(-2874.1, 532.9, 1487.0),
    Vector3.new(-2878.6, 533.5, 1486.9),
    Vector3.new(-2883.3, 534.2, 1486.8),
    Vector3.new(-2887.8, 534.8, 1486.7),
    Vector3.new(-2892.4, 535.5, 1486.6),
    Vector3.new(-2897.1, 536.2, 1486.5),
    Vector3.new(-2901.6, 536.8, 1486.5),
    Vector3.new(-2906.2, 537.5, 1486.4),
    Vector3.new(-2911.4, 538.2, 1486.3),
    Vector3.new(-2916.2, 538.9, 1486.2),
    Vector3.new(-2921.0, 539.6, 1486.1),
    Vector3.new(-2926.0, 540.3, 1486.0),
    Vector3.new(-2930.8, 541.0, 1485.9),
    Vector3.new(-2938.4, 542.1, 1485.8),
    Vector3.new(-2938.9, 546.8, 1485.9),
    Vector3.new(-2939.3, 551.4, 1485.9),
    Vector3.new(-2939.8, 556.2, 1486.0),
    Vector3.new(-2940.3, 560.9, 1486.0),
    Vector3.new(-2940.7, 565.7, 1486.1),
    Vector3.new(-2941.2, 570.5, 1486.2),
    Vector3.new(-2941.7, 575.1, 1486.2),
    Vector3.new(-2942.1, 579.7, 1486.3),
    Vector3.new(-2942.6, 584.4, 1486.3),
    Vector3.new(-2943.1, 589.1, 1486.4),
    Vector3.new(-2943.5, 593.8, 1486.5),
    Vector3.new(-2944.0, 598.5, 1486.5),
    Vector3.new(-2944.5, 603.2, 1486.6),
    Vector3.new(-2944.9, 607.9, 1486.6),
    Vector3.new(-2945.4, 612.5, 1486.7),
    Vector3.new(-2950.1, 612.9, 1486.6),
    Vector3.new(-2954.8, 613.3, 1486.5),
    Vector3.new(-2959.7, 613.6, 1486.4),
    Vector3.new(-2964.4, 614.0, 1486.4),
    Vector3.new(-2969.1, 614.4, 1486.3),
    Vector3.new(-2973.8, 614.8, 1486.2),
    Vector3.new(-2978.6, 615.2, 1486.1),
    Vector3.new(-2983.4, 615.6, 1486.0),
    Vector3.new(-2988.2, 615.9, 1485.9),
    Vector3.new(-2993.1, 616.3, 1485.8),
    Vector3.new(-2998.0, 616.7, 1485.7),
    Vector3.new(-3002.7, 617.1, 1485.7),
    Vector3.new(-3011.2, 617.8, 1485.5),
    Vector3.new(-3011.5, 622.8, 1485.5),
    Vector3.new(-3011.7, 627.8, 1485.5),
    Vector3.new(-3012.0, 633.8, 1485.5),
    Vector3.new(-3012.3, 638.6, 1485.5),
    Vector3.new(-3012.6, 643.6, 1485.5),
    Vector3.new(-3012.8, 648.5, 1485.5),
    Vector3.new(-3013.1, 653.2, 1485.5),
    Vector3.new(-3013.3, 658.0, 1485.6),
    Vector3.new(-3013.6, 662.8, 1485.6),
    Vector3.new(-3013.9, 668.2, 1485.6),
    Vector3.new(-3014.1, 673.1, 1485.6),
    Vector3.new(-3014.4, 677.9, 1485.6),
    Vector3.new(-3014.6, 682.9, 1485.6),
    Vector3.new(-3014.9, 687.7, 1485.6),
    Vector3.new(-3015.2, 693.6, 1485.6),
    Vector3.new(-3020.0, 692.0, 1485.7),
    Vector3.new(-3024.5, 690.5, 1485.9),
    Vector3.new(-3029.2, 689.0, 1486.0),
    Vector3.new(-3036.8, 686.4, 1486.3),
    Vector3.new(-3044.4, 683.9, 1486.5),
    Vector3.new(-3052.0, 681.4, 1486.7),
    Vector3.new(-3059.9, 678.8, 1487.0),
    Vector3.new(-3067.6, 676.3, 1487.2),
    Vector3.new(-3076.3, 673.4, 1487.5),
    Vector3.new(-3082.5, 673.4, 1487.4),
    Vector3.new(-3088.5, 673.4, 1487.4),
    Vector3.new(-3094.6, 673.4, 1487.3),
    Vector3.new(-3100.7, 673.4, 1487.3),
    Vector3.new(-3106.9, 673.4, 1487.2),
    Vector3.new(-3113.0, 673.4, 1487.2),
    Vector3.new(-3119.1, 673.4, 1487.1),
    Vector3.new(-3125.3, 673.4, 1487.1),
    Vector3.new(-3131.5, 673.4, 1487.0),
    Vector3.new(-3137.1, 673.4, 1486.9),
    Vector3.new(-3142.3, 673.4, 1486.9),
    Vector3.new(-3147.2, 673.4, 1486.9),
    Vector3.new(-3152.3, 673.4, 1486.8),
    Vector3.new(-3157.4, 673.4, 1486.8),
    Vector3.new(-3162.6, 673.4, 1486.7),
    Vector3.new(-3167.9, 673.4, 1486.7),
    Vector3.new(-3173.6, 673.4, 1486.6),
    Vector3.new(-3181.0, 673.4, 1486.5),
    Vector3.new(-3186.8, 673.4, 1486.5),
    Vector3.new(-3196.4, 673.4, 1486.4),
    Vector3.new(-3202.4, 673.4, 1486.4),
    Vector3.new(-3207.6, 673.4, 1486.3),
    Vector3.new(-3212.7, 673.4, 1486.3),
    Vector3.new(-3219.6, 673.4, 1486.2),
    Vector3.new(-3224.9, 673.4, 1486.2),
    Vector3.new(-3230.1, 673.4, 1486.2),
    Vector3.new(-3235.3, 673.5, 1486.2),
    Vector3.new(-3243.8, 673.5, 1486.2),
    Vector3.new(-3249.2, 672.8, 1486.2),
    Vector3.new(-3254.7, 672.0, 1486.2),
    Vector3.new(-3261.1, 671.2, 1486.2),
    Vector3.new(-3266.5, 670.4, 1486.1),
    Vector3.new(-3271.9, 669.7, 1486.1),
    Vector3.new(-3277.2, 669.0, 1486.1),
    Vector3.new(-3283.1, 668.2, 1486.1),
    Vector3.new(-3288.4, 667.5, 1486.1),
    Vector3.new(-3293.6, 666.8, 1486.1),
    Vector3.new(-3299.2, 666.1, 1486.1),
    Vector3.new(-3305.1, 665.3, 1486.0),
    Vector3.new(-3310.4, 664.5, 1486.0),
    Vector3.new(-3315.8, 663.8, 1486.0),
    Vector3.new(-3321.1, 663.1, 1486.0),
    Vector3.new(-3327.2, 662.3, 1486.0),
    Vector3.new(-3332.4, 661.6, 1486.0),
    Vector3.new(-3337.9, 660.9, 1485.9),
    Vector3.new(-3343.3, 660.1, 1485.9),
    Vector3.new(-3349.3, 659.3, 1485.9),
    Vector3.new(-3354.8, 658.6, 1485.9),
    Vector3.new(-3360.0, 657.9, 1485.9),
    Vector3.new(-3365.7, 657.1, 1485.9),
    Vector3.new(-3371.7, 656.3, 1485.9),
    Vector3.new(-3376.9, 655.6, 1485.8),
    Vector3.new(-3382.2, 654.9, 1485.8),
    Vector3.new(-3387.6, 654.2, 1485.8),
    Vector3.new(-3392.6, 653.5, 1485.8),
    Vector3.new(-3397.8, 652.7, 1485.8),
    Vector3.new(-3403.1, 652.0, 1485.8),
    Vector3.new(-3408.5, 651.2, 1485.7),
    Vector3.new(-3414.4, 650.3, 1485.7),
    Vector3.new(-3419.7, 649.5, 1485.7),
    Vector3.new(-3425.3, 648.7, 1485.7),
    Vector3.new(-3430.7, 647.9, 1485.7),
    Vector3.new(-3440.4, 646.5, 1485.6),
    Vector3.new(-3448.8, 645.3, 1485.6),
    Vector3.new(-3457.8, 644.0, 1485.6),
    Vector3.new(-3466.2, 642.7, 1485.5),
    Vector3.new(-3475.0, 641.5, 1485.5),
    Vector3.new(-3484.0, 640.1, 1485.5),
    Vector3.new(-3492.7, 638.9, 1485.4),
    Vector3.new(-3502.2, 637.5, 1485.4),
    Vector3.new(-3512.2, 636.0, 1485.4),
    Vector3.new(-3517.9, 635.2, 1485.3),
    Vector3.new(-3524.0, 634.3, 1485.3),
    Vector3.new(-3530.1, 633.4, 1485.3),
    Vector3.new(-3535.4, 632.6, 1485.3),
    Vector3.new(-3540.9, 631.8, 1485.3),
    Vector3.new(-3546.4, 631.0, 1485.2),
    Vector3.new(-3552.5, 630.1, 1485.2),
    Vector3.new(-3557.9, 629.3, 1485.2),
    Vector3.new(-3563.3, 628.6, 1485.2),
    Vector3.new(-3569.3, 627.7, 1485.2),
    Vector3.new(-3575.5, 626.8, 1485.1),
    Vector3.new(-3580.9, 626.0, 1485.1),
    Vector3.new(-3586.3, 625.2, 1485.1),
    Vector3.new(-3591.9, 624.4, 1485.1),
    Vector3.new(-3598.0, 623.5, 1485.0),
    Vector3.new(-3603.4, 622.7, 1485.0),
    Vector3.new(-3608.8, 621.9, 1485.0),
    Vector3.new(-3614.4, 621.1, 1485.0),
    Vector3.new(-3620.5, 620.2, 1485.0),
    Vector3.new(-3626.6, 619.3, 1484.9),
    Vector3.new(-3633.4, 618.3, 1484.9),
    Vector3.new(-3637.6, 617.7, 1484.9),
    Vector3.new(-3643.0, 617.7, 1485.3),
    Vector3.new(-3648.4, 617.7, 1485.6),
    Vector3.new(-3654.0, 617.7, 1486.0),
    Vector3.new(-3660.1, 617.7, 1486.4),
    Vector3.new(-3664.3, 617.7, 1486.7),
    Vector3.new(-3669.7, 617.7, 1486.7),
    Vector3.new(-3675.2, 617.7, 1486.7),
    Vector3.new(-3681.4, 617.7, 1486.7),
    Vector3.new(-3686.8, 617.7, 1486.7),
    Vector3.new(-3692.2, 617.7, 1486.7),
    Vector3.new(-3697.7, 617.7, 1486.7),
    Vector3.new(-3704.0, 617.7, 1486.7),
    Vector3.new(-3709.3, 617.7, 1486.7),
    Vector3.new(-3714.6, 617.7, 1486.7),
    Vector3.new(-3720.2, 617.7, 1486.7),
    Vector3.new(-3726.3, 617.7, 1486.7),
    Vector3.new(-3731.6, 617.7, 1486.7),
    Vector3.new(-3736.9, 617.7, 1486.7),
    Vector3.new(-3742.4, 617.7, 1486.7),
    Vector3.new(-3748.6, 617.7, 1486.7),
    Vector3.new(-3754.0, 617.7, 1486.7),
    Vector3.new(-3759.4, 617.7, 1486.7),
    Vector3.new(-3765.4, 617.7, 1486.7),
    Vector3.new(-3771.9, 617.7, 1486.7),
    Vector3.new(-3777.3, 617.7, 1486.7),
    Vector3.new(-3782.7, 617.7, 1486.6),
    Vector3.new(-3788.2, 617.7, 1486.6),
    Vector3.new(-3794.2, 617.7, 1486.6),
    Vector3.new(-3799.5, 617.7, 1486.6),
    Vector3.new(-3804.9, 617.7, 1486.6),
    Vector3.new(-3810.8, 617.7, 1486.6),
    Vector3.new(-3817.1, 617.7, 1486.6),
    Vector3.new(-3823.0, 617.7, 1486.6),
    Vector3.new(-3828.8, 617.7, 1486.6),
    Vector3.new(-3834.6, 617.7, 1486.6),
    Vector3.new(-3843.8, 617.7, 1486.6),
    Vector3.new(-3850.5, 617.7, 1486.6),
    Vector3.new(-3857.2, 617.7, 1486.6),
    Vector3.new(-3864.3, 617.7, 1486.6),
    Vector3.new(-3870.8, 617.7, 1486.6),
    Vector3.new(-3877.3, 617.7, 1486.6),
    Vector3.new(-3884.4, 617.7, 1486.6),
    Vector3.new(-3890.8, 617.7, 1486.6),
    Vector3.new(-3897.9, 617.7, 1486.6),
    Vector3.new(-3903.8, 617.7, 1486.6),
    Vector3.new(-3909.1, 617.7, 1486.6),
    Vector3.new(-3914.3, 617.7, 1486.6),
    Vector3.new(-3919.5, 617.7, 1486.6),
    Vector3.new(-3924.7, 617.7, 1486.6),
    Vector3.new(-3930.0, 617.7, 1486.6),
    Vector3.new(-3935.3, 617.7, 1486.6),
    Vector3.new(-3940.5, 617.7, 1486.6),
    Vector3.new(-3945.7, 617.7, 1486.6),
    Vector3.new(-3950.9, 617.7, 1486.6),
    Vector3.new(-3956.1, 617.7, 1486.6),
    Vector3.new(-3961.8, 617.7, 1486.6),
    Vector3.new(-3967.5, 617.7, 1486.6),
    Vector3.new(-3972.8, 617.7, 1486.6),
    Vector3.new(-3977.9, 617.7, 1486.6),
    Vector3.new(-3983.1, 617.7, 1486.6),
    Vector3.new(-3988.1, 617.7, 1486.6),
    Vector3.new(-3993.3, 617.7, 1486.6),
    Vector3.new(-3998.4, 617.7, 1486.6),
    Vector3.new(-4003.5, 617.7, 1486.6),
    Vector3.new(-4008.7, 617.7, 1486.6),
    Vector3.new(-4013.8, 617.7, 1486.6),
    Vector3.new(-4020.1, 617.7, 1486.5),
    Vector3.new(-4025.9, 617.7, 1486.5),
    Vector3.new(-4031.1, 617.7, 1486.5),
    Vector3.new(-4036.3, 617.7, 1486.5),
    Vector3.new(-4041.5, 617.7, 1486.5),
    Vector3.new(-4046.6, 617.7, 1486.5),
    Vector3.new(-4051.9, 617.7, 1486.5),
    Vector3.new(-4057.2, 617.7, 1486.5),
    Vector3.new(-4063.4, 617.7, 1486.5),
    Vector3.new(-4068.9, 617.7, 1486.5),
    Vector3.new(-4074.1, 617.7, 1486.5),
    Vector3.new(-4079.2, 617.7, 1486.5),
    Vector3.new(-4085.6, 617.7, 1486.5),
    Vector3.new(-4091.4, 617.7, 1486.5),
    Vector3.new(-4096.8, 617.7, 1486.5),
    Vector3.new(-4102.2, 617.7, 1486.5),
    Vector3.new(-4107.5, 617.7, 1486.5),
    Vector3.new(-4112.9, 617.7, 1486.5),
    Vector3.new(-4118.5, 617.7, 1486.5),
    Vector3.new(-4124.0, 617.7, 1486.5),
    Vector3.new(-4129.3, 617.7, 1486.5),
    Vector3.new(-4134.4, 617.7, 1486.5),
    Vector3.new(-4134.1, 617.3, 1481.2),
    Vector3.new(-4133.7, 616.8, 1475.1),
    Vector3.new(-4133.4, 616.3, 1469.2),
    Vector3.new(-4132.8, 615.5, 1459.2),
    Vector3.new(-4132.8, 617.6, 1459.2)
}
