local Waypoints = {
    Vector3.new(-1450.6, -158.0, -997.3),
    Vector3.new(-1450.8, -158.0, -993.2),
    Vector3.new(-1450.9, -158.1, -989.6),
    Vector3.new(-1451.0, -158.1, -986.7),
    Vector3.new(-1451.1, -158.1, -983.9),
    Vector3.new(-1451.2, -158.2, -981.0),
    Vector3.new(-1451.3, -158.2, -978.1),
    Vector3.new(-1451.5, -158.2, -974.8),
    Vector3.new(-1451.6, -158.3, -971.9),
    Vector3.new(-1451.8, -158.3, -966.8),
    Vector3.new(-1451.9, -158.4, -963.0),
    Vector3.new(-1452.1, -158.4, -959.3),
    Vector3.new(-1452.2, -158.4, -955.2),
    Vector3.new(-1452.4, -158.5, -950.3),
    Vector3.new(-1452.6, -158.6, -945.3),
    Vector3.new(-1452.8, -158.6, -940.3),
    Vector3.new(-1453.0, -158.7, -935.0),
    Vector3.new(-1453.2, -158.7, -929.4),
    Vector3.new(-1453.4, -158.8, -923.7),
    Vector3.new(-1453.6, -158.9, -918.0),
    Vector3.new(-1453.8, -158.9, -912.5),
    Vector3.new(-1454.0, -159.0, -906.9),
    Vector3.new(-1454.2, -159.0, -903.1),
    Vector3.new(-1454.3, -159.1, -899.4),
    Vector3.new(-1454.5, -159.1, -895.6),
    Vector3.new(-1454.6, -159.2, -890.9),
    Vector3.new(-1454.8, -159.2, -887.1),
    Vector3.new(-1454.9, -159.2, -883.3),
    Vector3.new(-1455.1, -159.3, -879.2),
    Vector3.new(-1455.2, -159.3, -875.5),
    Vector3.new(-1455.4, -159.4, -869.9),
    Vector3.new(-1455.6, -159.5, -864.3),
    Vector3.new(-1455.8, -159.5, -860.3),
    Vector3.new(-1450.4, -159.5, -863.1),
    Vector3.new(-1444.8, -159.5, -866.0),
    Vector3.new(-1436.7, -159.5, -870.2),
    Vector3.new(-1435.7, -158.8, -862.9),
    Vector3.new(-1434.1, -157.8, -851.0),
    Vector3.new(-1433.3, -157.3, -845.4),
    Vector3.new(-1432.8, -156.9, -841.6),
    Vector3.new(-1432.3, -156.6, -837.9),
    Vector3.new(-1431.7, -156.2, -833.8),
    Vector3.new(-1431.7, -155.0, -830.1),
    Vector3.new(-1431.7, -153.8, -826.3),
    Vector3.new(-1431.6, -152.7, -822.6),
    Vector3.new(-1431.6, -151.4, -818.6),
    Vector3.new(-1431.6, -149.5, -812.6),
    Vector3.new(-1431.5, -147.5, -806.1),
    Vector3.new(-1431.5, -145.6, -800.0),
    Vector3.new(-1431.5, -144.4, -796.2),
    Vector3.new(-1431.5, -143.2, -792.6),
    Vector3.new(-1431.4, -142.1, -788.8),
    Vector3.new(-1431.4, -140.9, -785.1),
    Vector3.new(-1431.4, -139.8, -781.5),
    Vector3.new(-1431.4, -138.7, -778.0),
    Vector3.new(-1431.3, -137.5, -774.3),
    Vector3.new(-1431.3, -136.3, -770.5),
    Vector3.new(-1431.3, -135.1, -766.8),
    Vector3.new(-1431.3, -133.9, -762.7),
    Vector3.new(-1431.3, -132.5, -758.5),
    Vector3.new(-1431.2, -131.2, -754.2),
    Vector3.new(-1431.2, -129.9, -750.0),
    Vector3.new(-1431.2, -128.5, -745.8),
    Vector3.new(-1431.2, -127.2, -741.6),
    Vector3.new(-1431.1, -125.9, -737.4),
    Vector3.new(-1431.1, -124.2, -732.0),
    Vector3.new(-1431.1, -122.9, -727.7),
    Vector3.new(-1431.1, -121.4, -723.2),
    Vector3.new(-1431.1, -120.1, -719.0),
    Vector3.new(-1431.1, -118.7, -714.5),
    Vector3.new(-1431.1, -117.3, -710.1),
    Vector3.new(-1431.1, -116.1, -706.1),
    Vector3.new(-1431.1, -114.8, -702.0),
    Vector3.new(-1431.1, -113.5, -697.9),
    Vector3.new(-1431.1, -112.2, -693.9),
    Vector3.new(-1431.1, -110.9, -689.7),
    Vector3.new(-1431.1, -109.5, -685.3),
    Vector3.new(-1431.2, -108.2, -681.2),
    Vector3.new(-1431.2, -107.0, -677.3),
    Vector3.new(-1431.2, -105.7, -673.0),
    Vector3.new(-1431.2, -104.2, -668.5),
    Vector3.new(-1431.2, -102.9, -664.3),
    Vector3.new(-1431.2, -101.6, -660.0),
    Vector3.new(-1431.2, -100.4, -656.1),
    Vector3.new(-1431.2, -99.0, -651.8),
    Vector3.new(-1431.2, -97.8, -647.8),
    Vector3.new(-1431.2, -96.5, -643.9),
    Vector3.new(-1431.2, -95.3, -640.0),
    Vector3.new(-1431.2, -94.0, -636.0),
    Vector3.new(-1431.2, -92.5, -631.1),
    Vector3.new(-1431.0, -91.5, -627.1),
    Vector3.new(-1430.8, -90.4, -622.4),
    Vector3.new(-1430.6, -89.1, -617.1),
    Vector3.new(-1430.4, -87.9, -612.2),
    Vector3.new(-1430.3, -87.0, -608.6),
    Vector3.new(-1430.2, -86.2, -605.3),
    Vector3.new(-1430.0, -85.4, -602.1),
    Vector3.new(-1429.9, -84.7, -598.9),
    Vector3.new(-1429.8, -83.9, -595.8),
    Vector3.new(-1429.6, -83.1, -592.5),
    Vector3.new(-1429.5, -82.3, -589.3),
    Vector3.new(-1429.4, -81.5, -585.9),
    Vector3.new(-1429.2, -80.7, -582.6),
    Vector3.new(-1429.1, -79.9, -579.2),
    Vector3.new(-1429.0, -79.1, -576.0),
    Vector3.new(-1428.8, -78.3, -572.7),
    Vector3.new(-1428.7, -77.5, -569.5),
    Vector3.new(-1428.5, -76.0, -563.1),
    Vector3.new(-1428.3, -74.7, -558.1),
    Vector3.new(-1428.0, -73.5, -553.1),
    Vector3.new(-1427.8, -72.3, -548.0),
    Vector3.new(-1427.6, -71.1, -543.1),
    Vector3.new(-1427.4, -69.8, -537.8),
    Vector3.new(-1427.2, -68.4, -532.0),
    Vector3.new(-1431.7, -68.4, -529.4),
    Vector3.new(-1436.3, -68.4, -526.8),
    Vector3.new(-1440.9, -68.4, -524.2),
    Vector3.new(-1445.5, -68.4, -521.5),
    Vector3.new(-1450.3, -68.4, -518.8),
    Vector3.new(-1455.0, -68.4, -516.1),
    Vector3.new(-1454.9, -68.4, -510.7),
    Vector3.new(-1454.7, -68.3, -505.4),
    Vector3.new(-1454.6, -68.3, -500.1),
    Vector3.new(-1454.5, -68.3, -494.7),
    Vector3.new(-1454.4, -68.2, -489.3),
    Vector3.new(-1454.2, -68.2, -483.9),
    Vector3.new(-1454.1, -68.2, -478.5),
    Vector3.new(-1454.0, -68.1, -473.2),
    Vector3.new(-1453.8, -68.1, -467.8),
    Vector3.new(-1453.7, -68.1, -462.5),
    Vector3.new(-1453.6, -68.0, -457.2),
    Vector3.new(-1453.5, -68.0, -453.1),
    Vector3.new(-1453.4, -68.0, -449.5),
    Vector3.new(-1453.3, -68.0, -446.1),
    Vector3.new(-1453.2, -67.9, -442.7),
    Vector3.new(-1453.1, -67.9, -436.4),
    Vector3.new(-1453.2, -67.0, -432.9),
    Vector3.new(-1453.2, -66.2, -429.5),
    Vector3.new(-1453.3, -65.3, -426.1),
    Vector3.new(-1453.3, -64.5, -422.7),
    Vector3.new(-1453.4, -63.6, -419.3),
    Vector3.new(-1453.4, -62.8, -416.0),
    Vector3.new(-1453.5, -61.9, -412.5),
    Vector3.new(-1453.5, -61.1, -409.1),
    Vector3.new(-1453.6, -60.0, -405.0),
    Vector3.new(-1453.7, -59.1, -401.1),
    Vector3.new(-1453.7, -58.2, -397.7),
    Vector3.new(-1453.8, -56.8, -392.0),
    Vector3.new(-1453.8, -56.8, -388.5),
    Vector3.new(-1453.8, -56.7, -385.0),
    Vector3.new(-1453.7, -56.7, -381.4),
    Vector3.new(-1453.7, -56.6, -377.8),
    Vector3.new(-1453.7, -56.6, -374.3),
    Vector3.new(-1453.7, -56.6, -370.8),
    Vector3.new(-1453.7, -56.5, -367.3),
    Vector3.new(-1453.7, -56.5, -363.8),
    Vector3.new(-1453.6, -56.5, -360.3),
    Vector3.new(-1453.6, -56.4, -356.5),
    Vector3.new(-1453.6, -56.4, -352.8),
    Vector3.new(-1453.6, -56.3, -349.1),
    Vector3.new(-1453.6, -56.3, -345.5),
    Vector3.new(-1453.6, -56.2, -342.0),
    Vector3.new(-1453.5, -56.2, -338.2),
    Vector3.new(-1453.5, -56.1, -331.4),
    Vector3.new(-1453.4, -56.0, -318.1),
    Vector3.new(-1453.4, -55.9, -314.4),
    Vector3.new(-1453.4, -55.9, -310.3),
    Vector3.new(-1453.4, -55.9, -306.8),
    Vector3.new(-1453.4, -55.9, -303.2),
    Vector3.new(-1453.4, -55.9, -300.1),
    Vector3.new(-1453.4, -55.9, -297.6),
    Vector3.new(-1453.4, -55.9, -295.2),
    Vector3.new(-1453.4, -55.9, -292.9),
    Vector3.new(-1453.4, -55.9, -290.4),
    Vector3.new(-1453.4, -55.9, -287.7),
    Vector3.new(-1453.4, -55.9, -285.3),
    Vector3.new(-1453.4, -55.9, -282.9),
    Vector3.new(-1453.4, -55.9, -280.5),
    Vector3.new(-1453.4, -55.9, -278.1),
    Vector3.new(-1453.4, -55.9, -275.7),
    Vector3.new(-1453.4, -55.9, -273.3),
    Vector3.new(-1453.4, -55.9, -270.9),
    Vector3.new(-1453.4, -55.9, -268.3),
    Vector3.new(-1453.4, -55.9, -265.8),
    Vector3.new(-1453.4, -55.9, -263.4),
    Vector3.new(-1453.5, -55.9, -260.8),
    Vector3.new(-1453.5, -55.9, -258.5),
    Vector3.new(-1453.5, -55.9, -255.6),
    Vector3.new(-1453.5, -55.9, -253.2),
    Vector3.new(-1453.5, -55.9, -250.7),
    Vector3.new(-1453.5, -55.9, -248.3),
    Vector3.new(-1453.5, -55.9, -245.9),
    Vector3.new(-1453.5, -55.9, -243.5),
    Vector3.new(-1453.5, -55.9, -241.2),
    Vector3.new(-1453.5, -55.9, -238.8),
    Vector3.new(-1453.5, -56.0, -236.5),
    Vector3.new(-1453.5, -56.0, -234.1),
    Vector3.new(-1453.5, -56.0, -231.8),
    Vector3.new(-1453.5, -56.0, -229.4),
    Vector3.new(-1453.5, -56.0, -227.1),
    Vector3.new(-1453.5, -56.0, -224.7),
    Vector3.new(-1453.5, -56.0, -222.3),
    Vector3.new(-1453.5, -56.0, -219.9),
    Vector3.new(-1453.5, -56.0, -217.6),
    Vector3.new(-1453.5, -56.0, -215.2),
    Vector3.new(-1453.5, -56.0, -212.9),
    Vector3.new(-1453.5, -56.0, -210.5),
    Vector3.new(-1453.5, -56.0, -208.2),
    Vector3.new(-1453.5, -56.0, -205.7),
    Vector3.new(-1453.5, -56.0, -203.4),
    Vector3.new(-1453.5, -56.0, -201.0),
    Vector3.new(-1453.5, -56.0, -198.7),
    Vector3.new(-1453.5, -56.0, -196.3),
    Vector3.new(-1453.5, -56.0, -193.8),
    Vector3.new(-1453.5, -56.0, -191.3),
    Vector3.new(-1453.5, -56.0, -188.8),
    Vector3.new(-1453.5, -56.0, -186.4),
    Vector3.new(-1453.5, -56.0, -184.0),
    Vector3.new(-1453.5, -56.0, -181.6),
    Vector3.new(-1453.5, -56.0, -179.3),
    Vector3.new(-1453.5, -56.0, -177.0),
    Vector3.new(-1453.5, -56.0, -174.7),
    Vector3.new(-1453.5, -56.0, -172.3),
    Vector3.new(-1453.5, -56.0, -165.2),
    Vector3.new(-1453.6, -56.0, -159.9),
    Vector3.new(-1453.6, -56.0, -154.6),
    Vector3.new(-1453.6, -56.0, -149.4),
    Vector3.new(-1453.6, -56.0, -144.2),
    Vector3.new(-1453.6, -56.0, -138.9),
    Vector3.new(-1453.6, -56.0, -133.7),
    Vector3.new(-1453.6, -56.0, -128.3),
    Vector3.new(-1453.6, -56.0, -122.9),
    Vector3.new(-1453.6, -56.0, -117.3),
    Vector3.new(-1453.6, -56.0, -111.9),
    Vector3.new(-1453.6, -56.0, -106.7),
    Vector3.new(-1453.6, -56.0, -101.3),
    Vector3.new(-1453.6, -56.0, -95.0),
    Vector3.new(-1453.6, -56.1, -89.1),
    Vector3.new(-1453.6, -56.1, -83.3),
    Vector3.new(-1453.6, -56.1, -77.4),
    Vector3.new(-1453.6, -56.1, -71.5),
    Vector3.new(-1453.7, -56.1, -65.5),
    Vector3.new(-1453.7, -56.1, -59.6),
    Vector3.new(-1453.7, -56.1, -53.7),
    Vector3.new(-1453.7, -56.1, -47.8),
    Vector3.new(-1453.7, -56.1, -41.7),
    Vector3.new(-1453.7, -56.1, -36.7),
    Vector3.new(-1453.7, -56.1, -34.1),
    Vector3.new(-1453.7, -56.1, -31.7),
    Vector3.new(-1453.7, -56.1, -27.8),
    Vector3.new(-1453.7, -56.1, -25.0),
    Vector3.new(-1453.7, -56.1, -19.3),
    Vector3.new(-1453.7, -56.1, -16.8),
    Vector3.new(-1453.7, -56.1, -14.2),
    Vector3.new(-1453.7, -56.1, -11.7),
    Vector3.new(-1453.7, -56.1, -9.1),
    Vector3.new(-1453.7, -56.1, -6.5),
    Vector3.new(-1453.7, -56.1, -3.9),
    Vector3.new(-1453.7, -56.1, -1.4),
    Vector3.new(-1453.7, -56.1, 1.1),
    Vector3.new(-1453.7, -56.1, 3.7),
    Vector3.new(-1453.7, -56.1, 6.2),
    Vector3.new(-1453.7, -56.0, 8.7),
    Vector3.new(-1453.7, -56.0, 13.2),
    Vector3.new(-1453.7, -56.0, 16.8),
    Vector3.new(-1453.7, -56.0, 19.7),
    Vector3.new(-1453.7, -56.0, 22.3),
    Vector3.new(-1453.7, -56.0, 25.1),
    Vector3.new(-1453.7, -56.0, 27.7),
    Vector3.new(-1453.7, -56.0, 30.5),
    Vector3.new(-1453.7, -56.0, 33.2),
    Vector3.new(-1453.7, -56.0, 36.1),
    Vector3.new(-1453.7, -56.0, 38.8),
    Vector3.new(-1453.7, -56.0, 41.8),
    Vector3.new(-1453.7, -56.0, 44.6),
    Vector3.new(-1453.7, -56.0, 47.7),
    Vector3.new(-1453.7, -56.0, 50.3),
    Vector3.new(-1453.7, -56.0, 53.1),
    Vector3.new(-1453.7, -56.0, 55.7),
    Vector3.new(-1453.7, -56.0, 58.6),
    Vector3.new(-1453.7, -55.9, 61.3),
    Vector3.new(-1453.7, -55.9, 64.1),
    Vector3.new(-1453.7, -55.9, 66.7),
    Vector3.new(-1453.7, -55.9, 69.5),
    Vector3.new(-1453.7, -55.9, 72.2),
    Vector3.new(-1453.7, -55.9, 75.3),
    Vector3.new(-1453.7, -55.9, 77.9),
    Vector3.new(-1453.7, -55.9, 84.6),
    Vector3.new(-1453.7, -53.2, 84.6),
    Vector3.new(-1453.7, -50.3, 84.6),
    Vector3.new(-1453.7, -47.7, 84.6),
    Vector3.new(-1453.7, -44.7, 84.6),
    Vector3.new(-1453.7, -42.0, 84.6),
    Vector3.new(-1453.7, -39.1, 84.6),
    Vector3.new(-1453.7, -36.5, 84.6),
    Vector3.new(-1453.7, -33.7, 84.6),
    Vector3.new(-1453.7, -31.2, 84.6),
    Vector3.new(-1453.7, -28.6, 84.6),
    Vector3.new(-1453.7, -26.1, 84.6),
    Vector3.new(-1453.7, -23.5, 84.6),
    Vector3.new(-1453.7, -20.9, 84.6),
    Vector3.new(-1453.7, -18.3, 84.6),
    Vector3.new(-1453.7, -15.8, 84.6),
    Vector3.new(-1453.7, -13.3, 84.6),
    Vector3.new(-1453.7, -10.7, 84.6),
    Vector3.new(-1453.7, -8.2, 84.6),
    Vector3.new(-1453.7, -5.7, 84.6),
    Vector3.new(-1453.7, -3.3, 84.6),
    Vector3.new(-1453.7, -0.7, 84.6),
    Vector3.new(-1453.7, 1.7, 84.6),
    Vector3.new(-1453.7, 4.2, 84.6),
    Vector3.new(-1453.7, 6.9, 84.6),
    Vector3.new(-1453.7, 9.4, 84.6),
    Vector3.new(-1453.7, 12.0, 84.6),
    Vector3.new(-1453.7, 14.4, 84.6),
    Vector3.new(-1453.7, 17.3, 84.6),
    Vector3.new(-1453.7, 19.9, 84.6),
    Vector3.new(-1453.7, 22.3, 84.6),
    Vector3.new(-1453.7, 24.9, 84.6),
    Vector3.new(-1453.7, 27.4, 84.6),
    Vector3.new(-1453.7, 29.9, 84.6),
    Vector3.new(-1453.7, 32.4, 84.6),
    Vector3.new(-1453.7, 35.0, 84.6),
    Vector3.new(-1453.7, 37.6, 84.6),
    Vector3.new(-1453.7, 40.0, 84.6),
    Vector3.new(-1453.7, 42.6, 84.6),
    Vector3.new(-1453.7, 45.1, 84.6),
    Vector3.new(-1453.7, 47.6, 84.6),
    Vector3.new(-1453.7, 50.1, 84.6),
    Vector3.new(-1453.7, 52.6, 84.6),
    Vector3.new(-1453.7, 55.2, 84.6),
    Vector3.new(-1453.7, 57.7, 84.6),
    Vector3.new(-1453.7, 60.2, 84.6),
    Vector3.new(-1453.7, 62.9, 84.6),
    Vector3.new(-1453.7, 65.7, 84.6),
    Vector3.new(-1453.7, 68.2, 84.6),
    Vector3.new(-1453.7, 70.8, 84.6),
    Vector3.new(-1453.7, 73.4, 84.6),
    Vector3.new(-1453.7, 76.0, 84.6),
    Vector3.new(-1453.7, 78.6, 84.6),
    Vector3.new(-1453.7, 81.1, 84.6),
    Vector3.new(-1453.7, 83.7, 84.6),
    Vector3.new(-1453.7, 89.3, 84.6),
    Vector3.new(-1453.7, 89.8, 87.5),
    Vector3.new(-1453.8, 90.3, 90.3),
    Vector3.new(-1453.8, 91.1, 94.8),
    Vector3.new(-1451.3, 91.1, 94.4),
    Vector3.new(-1448.8, 91.1, 94.0),
    Vector3.new(-1446.3, 91.1, 93.6),
    Vector3.new(-1443.8, 91.1, 93.2),
    Vector3.new(-1441.2, 91.1, 92.8),
    Vector3.new(-1438.7, 91.1, 92.4),
    Vector3.new(-1434.1, 91.1, 91.7),
    Vector3.new(-1434.1, 93.7, 91.8),
    Vector3.new(-1434.1, 96.3, 91.9),
    Vector3.new(-1434.1, 98.9, 91.9),
    Vector3.new(-1434.1, 101.3, 92.0),
    Vector3.new(-1434.1, 103.9, 92.1),
    Vector3.new(-1434.1, 106.4, 92.2),
    Vector3.new(-1434.1, 109.0, 92.3),
    Vector3.new(-1434.1, 111.7, 92.3),
    Vector3.new(-1434.1, 114.2, 92.4),
    Vector3.new(-1434.1, 116.8, 92.5),
    Vector3.new(-1434.1, 119.3, 92.6),
    Vector3.new(-1434.1, 121.9, 92.7),
    Vector3.new(-1434.1, 124.4, 92.7),
    Vector3.new(-1434.1, 127.0, 92.8),
    Vector3.new(-1434.1, 129.5, 92.9),
    Vector3.new(-1434.1, 132.2, 93.0),
    Vector3.new(-1434.1, 134.8, 93.0),
    Vector3.new(-1434.1, 137.4, 93.1),
    Vector3.new(-1434.1, 140.2, 93.2),
    Vector3.new(-1434.1, 142.8, 93.3),
    Vector3.new(-1434.1, 145.3, 93.4),
    Vector3.new(-1434.1, 147.9, 93.5),
    Vector3.new(-1434.1, 150.4, 93.5),
    Vector3.new(-1434.0, 153.0, 93.6),
    Vector3.new(-1434.0, 155.6, 93.7),
    Vector3.new(-1434.0, 158.2, 93.8),
    Vector3.new(-1434.0, 160.8, 93.9),
    Vector3.new(-1434.0, 163.5, 93.9),
    Vector3.new(-1434.0, 166.1, 94.0),
    Vector3.new(-1434.0, 168.7, 94.1),
    Vector3.new(-1434.0, 171.3, 94.2),
    Vector3.new(-1434.0, 173.9, 94.3),
    Vector3.new(-1434.0, 176.7, 94.3),
    Vector3.new(-1434.0, 179.3, 94.4),
    Vector3.new(-1434.0, 181.9, 94.5),
    Vector3.new(-1434.0, 184.6, 94.6),
    Vector3.new(-1434.0, 187.2, 94.7),
    Vector3.new(-1434.0, 189.9, 94.7),
    Vector3.new(-1434.0, 192.6, 94.8),
    Vector3.new(-1434.0, 195.3, 94.9),
    Vector3.new(-1434.0, 197.9, 95.0),
    Vector3.new(-1434.0, 201.0, 95.1),
    Vector3.new(-1434.0, 203.7, 95.2),
    Vector3.new(-1434.0, 206.3, 95.3),
    Vector3.new(-1434.0, 211.0, 95.4),
    Vector3.new(-1434.1, 212.5, 97.1),
    Vector3.new(-1434.2, 216.1, 101.1),
    Vector3.new(-1435.6, 216.1, 103.4),
    Vector3.new(-1437.0, 216.1, 105.6),
    Vector3.new(-1438.5, 216.1, 107.9),
    Vector3.new(-1439.9, 216.1, 110.3),
    Vector3.new(-1441.4, 216.1, 112.6),
    Vector3.new(-1442.8, 216.1, 114.9),
    Vector3.new(-1444.3, 216.1, 117.2),
    Vector3.new(-1445.8, 216.1, 119.6),
    Vector3.new(-1447.2, 216.1, 121.9),
    Vector3.new(-1448.6, 216.1, 124.2),
    Vector3.new(-1450.1, 216.1, 126.5),
    Vector3.new(-1452.7, 216.1, 130.7),
    Vector3.new(-1452.7, 216.5, 133.4),
    Vector3.new(-1452.8, 217.0, 136.1),
    Vector3.new(-1452.8, 217.4, 138.8),
    Vector3.new(-1452.9, 217.9, 141.6),
    Vector3.new(-1452.9, 218.4, 144.2),
    Vector3.new(-1453.0, 218.8, 146.9),
    Vector3.new(-1453.0, 219.2, 149.6),
    Vector3.new(-1453.1, 219.7, 152.3),
    Vector3.new(-1453.1, 220.2, 155.1),
    Vector3.new(-1453.2, 220.6, 157.8),
    Vector3.new(-1453.2, 221.1, 160.6),
    Vector3.new(-1453.3, 221.6, 163.5),
    Vector3.new(-1453.3, 222.0, 166.3),
    Vector3.new(-1453.4, 222.5, 169.1),
    Vector3.new(-1453.4, 223.0, 171.9),
    Vector3.new(-1453.5, 223.7, 176.3),
    Vector3.new(-1453.5, 223.7, 179.1),
    Vector3.new(-1453.6, 223.8, 181.9),
    Vector3.new(-1453.6, 223.8, 184.7),
    Vector3.new(-1453.7, 223.9, 187.6),
    Vector3.new(-1453.7, 223.9, 190.4),
    Vector3.new(-1453.8, 224.0, 193.1),
    Vector3.new(-1453.8, 224.0, 196.0),
    Vector3.new(-1453.9, 224.0, 198.8),
    Vector3.new(-1453.9, 224.1, 201.7),
    Vector3.new(-1454.0, 224.1, 204.5),
    Vector3.new(-1454.0, 224.2, 207.2),
    Vector3.new(-1454.1, 224.2, 210.3),
    Vector3.new(-1454.1, 224.3, 213.1),
    Vector3.new(-1454.2, 224.3, 215.9),
    Vector3.new(-1454.2, 224.3, 218.9),
    Vector3.new(-1454.3, 224.4, 222.0),
    Vector3.new(-1454.3, 224.4, 225.0),
    Vector3.new(-1454.4, 224.5, 229.6),
    Vector3.new(-1454.4, 223.8, 238.7),
    Vector3.new(-1454.4, 223.2, 245.0),
    Vector3.new(-1454.5, 222.8, 250.8),
    Vector3.new(-1454.5, 222.3, 256.6),
    Vector3.new(-1454.5, 221.8, 262.3),
    Vector3.new(-1454.5, 221.4, 268.2),
    Vector3.new(-1454.5, 220.9, 274.1),
    Vector3.new(-1454.5, 220.4, 280.0),
    Vector3.new(-1454.6, 219.9, 285.7),
    Vector3.new(-1454.6, 219.5, 291.6),
    Vector3.new(-1454.6, 218.9, 297.8),
    Vector3.new(-1454.6, 218.5, 303.6),
    Vector3.new(-1454.6, 218.0, 309.4),
    Vector3.new(-1454.6, 217.4, 316.9),
    Vector3.new(-1454.7, 216.9, 323.3),
    Vector3.new(-1454.7, 216.4, 329.6),
    Vector3.new(-1454.7, 215.9, 335.3),
    Vector3.new(-1454.7, 215.9, 341.5),
    Vector3.new(-1454.7, 215.9, 347.5),
    Vector3.new(-1454.7, 215.9, 353.8),
    Vector3.new(-1454.7, 215.9, 360.2),
    Vector3.new(-1454.7, 215.9, 366.6),
    Vector3.new(-1454.7, 215.9, 373.1),
    Vector3.new(-1454.7, 215.9, 379.6),
    Vector3.new(-1454.6, 215.9, 386.0),
    Vector3.new(-1454.6, 215.9, 392.4),
    Vector3.new(-1454.6, 215.9, 399.0),
    Vector3.new(-1454.6, 215.9, 405.5),
    Vector3.new(-1454.6, 215.9, 412.0),
    Vector3.new(-1454.6, 215.9, 418.5),
    Vector3.new(-1454.6, 215.9, 425.2),
    Vector3.new(-1454.6, 215.9, 432.6),
    Vector3.new(-1454.6, 215.9, 438.3),
    Vector3.new(-1454.6, 215.9, 441.4),
    Vector3.new(-1454.6, 215.9, 444.4),
    Vector3.new(-1454.6, 215.9, 447.5),
    Vector3.new(-1454.6, 215.9, 450.5),
    Vector3.new(-1454.6, 215.9, 453.6),
    Vector3.new(-1454.6, 215.9, 456.7),
    Vector3.new(-1454.6, 215.9, 459.7),
    Vector3.new(-1454.6, 215.9, 463.4),
    Vector3.new(-1454.6, 215.9, 466.4),
    Vector3.new(-1454.6, 215.9, 469.6),
    Vector3.new(-1454.6, 215.9, 472.8),
    Vector3.new(-1454.6, 215.9, 476.0),
    Vector3.new(-1454.6, 215.9, 479.0),
    Vector3.new(-1454.5, 215.8, 482.1),
    Vector3.new(-1454.5, 215.8, 485.1),
    Vector3.new(-1454.5, 215.8, 488.3),
    Vector3.new(-1454.5, 215.8, 491.3),
    Vector3.new(-1454.5, 215.8, 494.4),
    Vector3.new(-1454.5, 215.8, 497.4),
    Vector3.new(-1454.5, 215.8, 500.6),
    Vector3.new(-1454.5, 215.8, 503.7),
    Vector3.new(-1454.5, 215.8, 506.9),
    Vector3.new(-1454.5, 215.8, 510.0),
    Vector3.new(-1454.5, 215.8, 513.2),
    Vector3.new(-1454.5, 215.8, 516.2),
    Vector3.new(-1454.5, 215.8, 519.5),
    Vector3.new(-1454.5, 215.8, 522.5),
    Vector3.new(-1454.5, 215.8, 525.7),
    Vector3.new(-1454.5, 215.8, 528.8),
    Vector3.new(-1454.5, 215.8, 531.9),
    Vector3.new(-1454.5, 215.8, 535.0),
    Vector3.new(-1454.5, 215.8, 538.2),
    Vector3.new(-1454.5, 215.8, 541.3),
    Vector3.new(-1454.5, 215.8, 544.5),
    Vector3.new(-1454.5, 215.8, 547.6),
    Vector3.new(-1454.5, 215.8, 550.7),
    Vector3.new(-1454.5, 215.8, 553.7),
    Vector3.new(-1454.5, 215.8, 556.8),
    Vector3.new(-1454.5, 215.8, 559.8),
    Vector3.new(-1454.5, 215.8, 563.0),
    Vector3.new(-1454.5, 215.8, 566.1),
    Vector3.new(-1454.5, 215.8, 569.2),
    Vector3.new(-1454.5, 215.8, 572.3),
    Vector3.new(-1454.5, 215.8, 575.3),
    Vector3.new(-1454.5, 215.8, 578.5),
    Vector3.new(-1454.4, 215.8, 581.8),
    Vector3.new(-1454.4, 215.8, 585.3),
    Vector3.new(-1454.4, 215.8, 588.6),
    Vector3.new(-1454.4, 215.8, 591.8),
    Vector3.new(-1454.4, 215.8, 594.9),
    Vector3.new(-1454.4, 215.8, 598.0),
    Vector3.new(-1454.4, 215.8, 601.2),
    Vector3.new(-1454.4, 215.8, 604.2),
    Vector3.new(-1454.4, 215.8, 607.4),
    Vector3.new(-1454.4, 215.8, 610.5),
    Vector3.new(-1454.4, 215.8, 613.6),
    Vector3.new(-1454.4, 215.8, 616.7),
    Vector3.new(-1454.4, 215.8, 620.0),
    Vector3.new(-1454.4, 215.8, 623.1),
    Vector3.new(-1454.4, 215.8, 627.4),
    Vector3.new(-1454.4, 219.0, 627.4),
    Vector3.new(-1454.4, 229.0, 627.4),
    Vector3.new(-1454.4, 234.7, 627.4),
    Vector3.new(-1454.4, 240.5, 627.4),
    Vector3.new(-1454.4, 246.2, 627.4),
    Vector3.new(-1454.4, 252.1, 627.4),
    Vector3.new(-1454.4, 258.0, 627.4),
    Vector3.new(-1454.4, 264.0, 627.4),
    Vector3.new(-1454.4, 270.0, 627.4),
    Vector3.new(-1454.4, 275.9, 627.4),
    Vector3.new(-1454.4, 282.0, 627.4),
    Vector3.new(-1454.4, 288.0, 627.4),
    Vector3.new(-1454.4, 293.8, 627.4),
    Vector3.new(-1454.4, 299.7, 627.4),
    Vector3.new(-1454.4, 305.7, 627.4),
    Vector3.new(-1454.4, 311.6, 627.4),
    Vector3.new(-1454.4, 317.6, 627.4),
    Vector3.new(-1454.4, 324.4, 627.4),
    Vector3.new(-1454.4, 330.8, 627.4),
    Vector3.new(-1454.4, 337.1, 627.4),
    Vector3.new(-1454.4, 343.7, 627.4),
    Vector3.new(-1454.4, 350.7, 627.4),
    Vector3.new(-1454.4, 357.9, 627.4),
    Vector3.new(-1454.4, 366.4, 627.4),
    Vector3.new(-1454.5, 365.4, 620.4),
    Vector3.new(-1454.6, 364.4, 613.4),
    Vector3.new(-1454.7, 363.4, 606.2),
    Vector3.new(-1454.8, 362.7, 600.7),
    Vector3.new(-1454.9, 361.9, 595.2),
    Vector3.new(-1455.0, 361.8, 588.8),
    Vector3.new(-1455.0, 361.8, 582.5),
    Vector3.new(-1455.1, 361.7, 575.7),
    Vector3.new(-1455.1, 361.7, 568.6),
    Vector3.new(-1455.2, 361.6, 563.2),
    Vector3.new(-1455.2, 361.6, 557.5),
    Vector3.new(-1455.2, 361.6, 552.4),
    Vector3.new(-1455.3, 361.5, 546.9),
    Vector3.new(-1455.3, 361.5, 541.6),
    Vector3.new(-1455.4, 361.4, 535.2),
    Vector3.new(-1455.4, 361.4, 528.7),
    Vector3.new(-1455.5, 361.3, 522.0),
    Vector3.new(-1455.5, 361.3, 515.7),
    Vector3.new(-1455.6, 361.2, 508.7),
    Vector3.new(-1455.7, 361.1, 502.1),
    Vector3.new(-1455.7, 361.1, 496.5),
    Vector3.new(-1449.7, 361.1, 496.4),
    Vector3.new(-1442.6, 361.1, 496.3),
    Vector3.new(-1436.4, 361.1, 496.2),
    Vector3.new(-1430.1, 361.1, 496.1),
    Vector3.new(-1422.1, 361.1, 495.9),
    Vector3.new(-1414.2, 361.1, 495.8),
    Vector3.new(-1406.7, 361.1, 495.7),
    Vector3.new(-1402.0, 361.1, 495.6),
    Vector3.new(-1398.8, 361.1, 495.5),
    Vector3.new(-1395.6, 361.1, 495.5),
    Vector3.new(-1391.9, 361.1, 495.4),
    Vector3.new(-1388.6, 361.1, 495.4),
    Vector3.new(-1385.3, 361.1, 495.3),
    Vector3.new(-1381.9, 361.1, 495.3),
    Vector3.new(-1378.7, 361.1, 495.2),
    Vector3.new(-1375.5, 361.1, 495.1),
    Vector3.new(-1372.3, 361.1, 495.1),
    Vector3.new(-1369.0, 361.1, 495.0),
    Vector3.new(-1365.8, 361.1, 495.0),
    Vector3.new(-1362.4, 361.1, 494.9),
    Vector3.new(-1359.0, 361.1, 494.9),
    Vector3.new(-1355.6, 361.1, 494.8),
    Vector3.new(-1348.8, 361.1, 494.7),
    Vector3.new(-1345.5, 361.4, 494.7),
    Vector3.new(-1342.2, 361.7, 494.7),
    Vector3.new(-1338.9, 362.0, 494.7),
    Vector3.new(-1335.6, 362.3, 494.8),
    Vector3.new(-1332.3, 362.5, 494.8),
    Vector3.new(-1327.1, 363.0, 494.8),
    Vector3.new(-1324.0, 362.0, 494.9),
    Vector3.new(-1320.9, 360.9, 494.9),
    Vector3.new(-1317.8, 359.9, 495.0),
    Vector3.new(-1314.6, 358.9, 495.0),
    Vector3.new(-1311.5, 357.8, 495.1),
    Vector3.new(-1306.9, 356.3, 495.2),
    Vector3.new(-1303.1, 355.0, 495.2),
    Vector3.new(-1299.6, 353.9, 495.3),
    Vector3.new(-1296.5, 352.8, 495.4),
    Vector3.new(-1293.4, 351.8, 495.4),
    Vector3.new(-1289.8, 350.6, 495.5),
    Vector3.new(-1286.5, 349.5, 495.5),
    Vector3.new(-1283.4, 348.5, 495.6),
    Vector3.new(-1279.2, 347.1, 495.7),
    Vector3.new(-1276.0, 346.0, 495.7),
    Vector3.new(-1272.8, 345.0, 495.8),
    Vector3.new(-1269.6, 343.9, 495.8),
    Vector3.new(-1266.4, 342.8, 495.9),
    Vector3.new(-1263.1, 341.7, 496.0),
    Vector3.new(-1255.9, 339.3, 496.1),
    Vector3.new(-1251.9, 338.0, 496.2),
    Vector3.new(-1248.4, 336.8, 496.2),
    Vector3.new(-1243.8, 335.3, 496.3),
    Vector3.new(-1243.8, 334.1, 499.5),
    Vector3.new(-1243.8, 332.9, 502.7),
    Vector3.new(-1243.8, 331.7, 505.8),
    Vector3.new(-1243.8, 330.5, 509.0),
    Vector3.new(-1243.8, 329.2, 512.2),
    Vector3.new(-1243.8, 327.9, 515.7),
    Vector3.new(-1243.8, 326.6, 519.0),
    Vector3.new(-1243.8, 325.4, 522.1),
    Vector3.new(-1243.8, 324.2, 525.3),
    Vector3.new(-1243.8, 323.0, 528.4),
    Vector3.new(-1243.8, 321.8, 531.6),
    Vector3.new(-1243.8, 320.6, 534.8),
    Vector3.new(-1243.8, 319.3, 538.0),
    Vector3.new(-1243.8, 318.1, 541.2),
    Vector3.new(-1243.8, 316.9, 544.5),
    Vector3.new(-1243.8, 315.6, 547.8),
    Vector3.new(-1243.8, 313.0, 554.6),
    Vector3.new(-1243.4, 313.8, 557.9),
    Vector3.new(-1243.0, 314.7, 561.3),
    Vector3.new(-1242.6, 315.5, 564.5),
    Vector3.new(-1242.2, 316.3, 567.8),
    Vector3.new(-1241.6, 317.3, 571.9),
    Vector3.new(-1241.2, 318.2, 575.3),
    Vector3.new(-1240.8, 319.0, 578.6),
    Vector3.new(-1240.4, 319.8, 581.8),
    Vector3.new(-1240.0, 320.6, 585.0),
    Vector3.new(-1239.6, 321.4, 588.3),
    Vector3.new(-1239.2, 322.2, 591.6),
    Vector3.new(-1238.7, 323.1, 595.0),
    Vector3.new(-1238.3, 324.0, 598.7),
    Vector3.new(-1237.5, 325.6, 605.0),
    Vector3.new(-1236.5, 326.1, 608.1),
    Vector3.new(-1235.4, 326.6, 611.4),
    Vector3.new(-1234.3, 327.1, 614.5),
    Vector3.new(-1233.2, 327.6, 617.8),
    Vector3.new(-1232.2, 328.1, 620.9),
    Vector3.new(-1231.1, 328.6, 624.1),
    Vector3.new(-1230.1, 329.1, 627.2),
    Vector3.new(-1228.8, 329.7, 631.0),
    Vector3.new(-1231.7, 329.7, 640.7),
    Vector3.new(-1233.6, 329.7, 646.6),
    Vector3.new(-1235.4, 329.7, 652.5),
    Vector3.new(-1237.2, 329.7, 658.5),
    Vector3.new(-1238.9, 329.7, 664.2),
    Vector3.new(-1240.8, 329.7, 670.3),
    Vector3.new(-1242.6, 329.7, 676.2),
    Vector3.new(-1245.2, 329.7, 684.7),
    Vector3.new(-1241.6, 330.0, 689.9),
    Vector3.new(-1238.1, 330.3, 695.0),
    Vector3.new(-1234.5, 330.6, 700.2),
    Vector3.new(-1230.9, 330.9, 705.4),
    Vector3.new(-1227.4, 331.2, 710.5),
    Vector3.new(-1223.1, 331.6, 716.7),
    Vector3.new(-1222.9, 332.5, 723.5),
    Vector3.new(-1222.7, 333.4, 730.5),
    Vector3.new(-1222.5, 334.2, 736.8),
    Vector3.new(-1222.4, 335.1, 743.6),
    Vector3.new(-1222.2, 336.0, 750.3),
    Vector3.new(-1222.0, 336.8, 756.9),
    Vector3.new(-1221.8, 337.7, 763.4),
    Vector3.new(-1221.6, 338.6, 770.1),
    Vector3.new(-1221.4, 339.4, 776.8),
    Vector3.new(-1221.3, 340.3, 783.2),
    Vector3.new(-1221.0, 341.3, 790.9),
    Vector3.new(-1220.8, 342.2, 798.3),
    Vector3.new(-1220.6, 343.2, 805.7),
    Vector3.new(-1220.4, 344.2, 813.2),
    Vector3.new(-1220.2, 345.1, 820.8),
    Vector3.new(-1220.0, 346.1, 828.3),
    Vector3.new(-1219.8, 347.1, 835.8),
    Vector3.new(-1227.6, 347.8, 836.2),
    Vector3.new(-1235.2, 348.4, 836.6),
    Vector3.new(-1242.0, 349.0, 837.0),
    Vector3.new(-1246.3, 349.4, 837.2),
    Vector3.new(-1253.6, 350.3, 837.5),
    Vector3.new(-1259.2, 351.1, 837.8),
    Vector3.new(-1263.4, 351.6, 838.0),
    Vector3.new(-1266.9, 352.1, 838.2),
    Vector3.new(-1270.9, 352.6, 838.3),
    Vector3.new(-1274.4, 353.1, 838.5),
    Vector3.new(-1278.0, 353.5, 838.7),
    Vector3.new(-1281.5, 354.0, 838.8),
    Vector3.new(-1285.1, 354.4, 839.0),
    Vector3.new(-1293.0, 355.5, 839.4),
    Vector3.new(-1297.3, 356.0, 839.6),
    Vector3.new(-1301.8, 356.6, 839.8),
    Vector3.new(-1305.5, 357.1, 839.9),
    Vector3.new(-1309.1, 357.6, 840.1),
    Vector3.new(-1312.6, 358.0, 840.3),
    Vector3.new(-1316.2, 358.5, 840.4),
    Vector3.new(-1319.9, 359.0, 840.6),
    Vector3.new(-1323.6, 359.4, 840.8),
    Vector3.new(-1327.2, 359.9, 840.9),
    Vector3.new(-1330.9, 360.4, 841.1),
    Vector3.new(-1334.6, 360.9, 841.3),
    Vector3.new(-1338.2, 361.3, 841.5),
    Vector3.new(-1341.8, 361.8, 841.6),
    Vector3.new(-1345.3, 362.3, 841.8),
    Vector3.new(-1349.0, 362.7, 841.9),
    Vector3.new(-1352.5, 363.2, 842.1),
    Vector3.new(-1356.0, 363.6, 842.3),
    Vector3.new(-1359.7, 364.1, 842.4),
    Vector3.new(-1363.4, 364.6, 842.6),
    Vector3.new(-1369.5, 365.4, 842.9),
    Vector3.new(-1372.9, 364.7, 843.7),
    Vector3.new(-1376.5, 363.9, 844.5),
    Vector3.new(-1380.1, 363.2, 845.3),
    Vector3.new(-1383.5, 362.5, 846.0),
    Vector3.new(-1386.9, 361.8, 846.8),
    Vector3.new(-1390.3, 361.0, 847.5),
    Vector3.new(-1393.9, 360.3, 848.4),
    Vector3.new(-1398.2, 359.4, 849.3),
    Vector3.new(-1398.3, 359.8, 845.8),
    Vector3.new(-1398.4, 360.3, 842.1),
    Vector3.new(-1398.6, 360.7, 838.4),
    Vector3.new(-1398.7, 361.2, 834.8),
    Vector3.new(-1398.8, 361.6, 831.2),
    Vector3.new(-1398.9, 362.1, 827.6),
    Vector3.new(-1399.1, 362.6, 823.9),
    Vector3.new(-1399.2, 363.0, 820.2),
    Vector3.new(-1399.3, 363.5, 816.6),
    Vector3.new(-1399.4, 363.9, 813.0),
    Vector3.new(-1399.5, 364.4, 809.3),
    Vector3.new(-1399.7, 364.8, 805.6),
    Vector3.new(-1399.8, 365.3, 802.1),
    Vector3.new(-1399.9, 365.7, 798.4),
    Vector3.new(-1400.0, 366.2, 794.8),
    Vector3.new(-1400.2, 366.6, 790.9),
    Vector3.new(-1400.3, 367.2, 786.2),
    Vector3.new(-1400.4, 367.7, 782.5),
    Vector3.new(-1400.6, 368.1, 778.8),
    Vector3.new(-1400.7, 368.6, 775.1),
    Vector3.new(-1400.8, 369.1, 771.4),
    Vector3.new(-1400.9, 369.5, 767.6),
    Vector3.new(-1401.1, 370.0, 763.8),
    Vector3.new(-1401.2, 370.5, 760.0),
    Vector3.new(-1401.3, 370.9, 756.3),
    Vector3.new(-1401.5, 371.4, 752.4),
    Vector3.new(-1401.6, 371.9, 748.6),
    Vector3.new(-1401.7, 372.3, 744.9),
    Vector3.new(-1401.8, 372.8, 741.2),
    Vector3.new(-1402.0, 373.3, 737.4),
    Vector3.new(-1402.1, 373.7, 733.7),
    Vector3.new(-1402.2, 374.2, 729.9),
    Vector3.new(-1402.4, 374.9, 724.3),
    Vector3.new(-1402.4, 378.8, 724.3),
    Vector3.new(-1402.4, 382.6, 724.3),
    Vector3.new(-1402.4, 386.6, 724.3),
    Vector3.new(-1402.4, 390.4, 724.3),
    Vector3.new(-1402.4, 394.4, 724.3),
    Vector3.new(-1402.4, 398.3, 724.3),
    Vector3.new(-1402.4, 402.2, 724.3),
    Vector3.new(-1402.4, 406.0, 724.3),
    Vector3.new(-1402.4, 409.9, 724.3),
    Vector3.new(-1402.4, 413.8, 724.3),
    Vector3.new(-1402.4, 417.9, 724.3),
    Vector3.new(-1402.4, 421.7, 724.3),
    Vector3.new(-1402.4, 425.6, 724.3),
    Vector3.new(-1402.4, 429.4, 724.3),
    Vector3.new(-1402.4, 433.3, 724.3),
    Vector3.new(-1402.4, 437.8, 724.3),
    Vector3.new(-1402.4, 441.6, 724.3),
    Vector3.new(-1402.4, 445.4, 724.3),
    Vector3.new(-1402.4, 449.4, 724.3),
    Vector3.new(-1402.4, 453.3, 724.3),
    Vector3.new(-1402.4, 458.2, 724.3),
    Vector3.new(-1402.4, 462.1, 724.3),
    Vector3.new(-1402.4, 466.0, 724.3),
    Vector3.new(-1402.4, 469.9, 724.3),
    Vector3.new(-1402.4, 473.8, 724.3),
    Vector3.new(-1402.4, 477.8, 724.3),
    Vector3.new(-1402.4, 481.7, 724.3),
    Vector3.new(-1402.4, 485.7, 724.3),
    Vector3.new(-1402.4, 489.7, 724.3),
    Vector3.new(-1402.4, 493.5, 724.3),
    Vector3.new(-1402.4, 497.5, 724.3),
    Vector3.new(-1402.4, 501.3, 724.3),
    Vector3.new(-1402.4, 505.3, 724.3),
    Vector3.new(-1402.4, 509.3, 724.3),
    Vector3.new(-1402.4, 513.3, 724.3),
    Vector3.new(-1402.4, 517.2, 724.3),
    Vector3.new(-1402.4, 521.2, 724.3),
    Vector3.new(-1402.4, 525.0, 724.3),
    Vector3.new(-1402.4, 528.9, 724.3),
    Vector3.new(-1402.4, 532.7, 724.3),
    Vector3.new(-1402.4, 536.6, 724.3),
    Vector3.new(-1402.4, 540.4, 724.3),
    Vector3.new(-1402.4, 544.4, 724.3),
    Vector3.new(-1402.4, 548.1, 724.3),
    Vector3.new(-1402.4, 552.1, 724.3),
    Vector3.new(-1402.4, 556.0, 724.3),
    Vector3.new(-1402.4, 559.9, 724.3),
    Vector3.new(-1402.4, 564.1, 724.3),
    Vector3.new(-1402.6, 561.4, 727.2),
    Vector3.new(-1402.8, 558.9, 729.9),
    Vector3.new(-1403.0, 556.3, 732.7),
    Vector3.new(-1403.3, 553.6, 735.6),
    Vector3.new(-1403.5, 551.0, 738.4),
    Vector3.new(-1403.7, 548.4, 741.2),
    Vector3.new(-1403.9, 545.8, 744.0),
    Vector3.new(-1404.1, 543.2, 746.8),
    Vector3.new(-1404.3, 540.6, 749.5),
    Vector3.new(-1404.6, 538.0, 752.4),
    Vector3.new(-1404.9, 533.9, 756.8),
    Vector3.new(-1404.7, 533.9, 760.6),
    Vector3.new(-1404.6, 533.9, 764.6),
    Vector3.new(-1404.4, 533.9, 768.6),
    Vector3.new(-1404.2, 533.9, 772.5),
    Vector3.new(-1404.0, 533.9, 776.3),
    Vector3.new(-1403.9, 533.9, 780.2),
    Vector3.new(-1403.6, 533.9, 785.8),
    Vector3.new(-1406.4, 533.9, 788.5),
    Vector3.new(-1409.2, 533.9, 791.1),
    Vector3.new(-1412.0, 533.9, 793.7),
    Vector3.new(-1414.9, 533.9, 796.4),
    Vector3.new(-1417.7, 533.9, 799.1),
    Vector3.new(-1420.5, 533.9, 801.7),
    Vector3.new(-1423.4, 533.9, 804.4),
    Vector3.new(-1426.3, 533.9, 807.1),
    Vector3.new(-1429.1, 533.9, 809.8),
    Vector3.new(-1432.0, 533.9, 812.5),
    Vector3.new(-1434.9, 533.9, 815.2),
    Vector3.new(-1437.7, 533.9, 817.9),
    Vector3.new(-1440.6, 533.9, 820.6),
    Vector3.new(-1443.4, 533.9, 823.2),
    Vector3.new(-1446.3, 533.9, 825.9),
    Vector3.new(-1449.4, 533.9, 828.8),
    Vector3.new(-1452.4, 533.9, 831.6),
    Vector3.new(-1455.2, 533.9, 834.3),
    Vector3.new(-1458.1, 533.9, 837.1),
    Vector3.new(-1463.6, 533.9, 842.2),
    Vector3.new(-1466.5, 533.9, 844.9),
    Vector3.new(-1469.4, 533.9, 847.6),
    Vector3.new(-1472.2, 533.9, 850.3),
    Vector3.new(-1475.0, 533.9, 852.9),
    Vector3.new(-1478.1, 533.9, 855.8),
    Vector3.new(-1481.0, 533.9, 858.5),
    Vector3.new(-1483.9, 533.9, 861.2),
    Vector3.new(-1486.8, 533.9, 864.0),
    Vector3.new(-1489.7, 533.9, 866.7),
    Vector3.new(-1492.5, 533.9, 869.4),
    Vector3.new(-1495.5, 533.9, 872.1),
    Vector3.new(-1498.3, 533.9, 874.8),
    Vector3.new(-1501.1, 533.9, 877.4),
    Vector3.new(-1504.0, 533.9, 880.1),
    Vector3.new(-1506.8, 533.9, 882.8),
    Vector3.new(-1509.6, 533.9, 885.4),
    Vector3.new(-1512.9, 533.9, 888.5),
    Vector3.new(-1515.8, 533.9, 891.2),
    Vector3.new(-1518.7, 533.9, 893.9),
    Vector3.new(-1521.5, 533.9, 896.6),
    Vector3.new(-1524.3, 533.9, 899.2),
    Vector3.new(-1527.2, 533.9, 901.9),
    Vector3.new(-1530.0, 533.9, 904.6),
    Vector3.new(-1533.1, 533.9, 907.5),
    Vector3.new(-1536.2, 533.9, 910.4),
    Vector3.new(-1539.2, 533.9, 913.2),
    Vector3.new(-1542.1, 533.9, 916.0),
    Vector3.new(-1545.1, 533.9, 918.8),
    Vector3.new(-1548.0, 533.9, 921.5),
    Vector3.new(-1550.8, 533.9, 924.2),
    Vector3.new(-1553.7, 533.9, 926.8),
    Vector3.new(-1556.5, 533.9, 929.5),
    Vector3.new(-1559.3, 533.9, 932.2),
    Vector3.new(-1562.2, 533.9, 934.8),
    Vector3.new(-1565.0, 533.9, 937.5),
    Vector3.new(-1567.8, 533.9, 940.1),
    Vector3.new(-1570.7, 533.9, 942.8),
    Vector3.new(-1573.4, 533.9, 945.4),
    Vector3.new(-1576.2, 533.9, 948.0),
    Vector3.new(-1579.1, 533.9, 950.7),
    Vector3.new(-1581.9, 533.9, 953.4),
    Vector3.new(-1584.7, 533.9, 956.0),
    Vector3.new(-1587.5, 533.9, 958.6),
    Vector3.new(-1590.3, 533.9, 961.3),
    Vector3.new(-1593.1, 533.9, 963.9),
    Vector3.new(-1596.1, 533.9, 966.7),
    Vector3.new(-1598.9, 533.9, 969.3),
    Vector3.new(-1601.6, 533.9, 971.9),
    Vector3.new(-1604.6, 533.9, 974.7),
    Vector3.new(-1607.4, 533.9, 977.3),
    Vector3.new(-1610.1, 533.9, 979.9),
    Vector3.new(-1612.9, 533.9, 982.5),
    Vector3.new(-1615.8, 533.9, 985.2),
    Vector3.new(-1618.6, 533.9, 987.9),
    Vector3.new(-1621.4, 533.9, 990.5),
    Vector3.new(-1624.1, 533.9, 993.1),
    Vector3.new(-1626.9, 533.9, 995.7),
    Vector3.new(-1629.7, 533.9, 998.3),
    Vector3.new(-1632.5, 533.9, 1000.9),
    Vector3.new(-1635.3, 533.9, 1003.5),
    Vector3.new(-1638.1, 533.9, 1006.1),
    Vector3.new(-1640.8, 533.9, 1008.7),
    Vector3.new(-1643.6, 533.9, 1011.3),
    Vector3.new(-1646.3, 533.9, 1013.9),
    Vector3.new(-1649.1, 533.9, 1016.5),
    Vector3.new(-1654.1, 533.9, 1021.2),
    Vector3.new(-1651.6, 533.9, 1024.1),
    Vector3.new(-1649.0, 533.9, 1027.0),
    Vector3.new(-1646.5, 533.9, 1029.9),
    Vector3.new(-1640.3, 533.9, 1037.0),
    Vector3.new(-1636.5, 533.9, 1041.4),
    Vector3.new(-1632.6, 533.9, 1045.9),
    Vector3.new(-1628.6, 533.9, 1050.4),
    Vector3.new(-1624.6, 533.9, 1055.0),
    Vector3.new(-1620.6, 533.9, 1059.6),
    Vector3.new(-1616.6, 533.9, 1064.1),
    Vector3.new(-1612.5, 533.9, 1068.8),
    Vector3.new(-1608.4, 533.9, 1073.5),
    Vector3.new(-1604.5, 533.9, 1078.0),
    Vector3.new(-1600.4, 533.9, 1082.6),
    Vector3.new(-1596.3, 533.9, 1087.4),
    Vector3.new(-1592.3, 533.9, 1092.0),
    Vector3.new(-1587.9, 533.9, 1097.0),
    Vector3.new(-1583.4, 533.9, 1102.1),
    Vector3.new(-1578.7, 533.9, 1107.5),
    Vector3.new(-1574.2, 533.9, 1112.7),
    Vector3.new(-1569.6, 533.9, 1117.9),
    Vector3.new(-1565.2, 533.9, 1123.0),
    Vector3.new(-1560.3, 533.9, 1128.5),
    Vector3.new(-1555.6, 533.9, 1134.0),
    Vector3.new(-1550.8, 533.9, 1139.4),
    Vector3.new(-1546.1, 533.9, 1144.8),
    Vector3.new(-1540.7, 533.9, 1151.0),
    Vector3.new(-1535.7, 533.9, 1156.7),
    Vector3.new(-1531.0, 533.9, 1162.1),
    Vector3.new(-1526.0, 533.9, 1167.8),
    Vector3.new(-1520.8, 533.9, 1173.7),
    Vector3.new(-1515.8, 533.9, 1179.4),
    Vector3.new(-1510.8, 533.9, 1185.1),
    Vector3.new(-1506.0, 533.9, 1190.7),
    Vector3.new(-1501.2, 533.9, 1196.1),
    Vector3.new(-1496.4, 533.9, 1201.6),
    Vector3.new(-1491.7, 533.9, 1207.1),
    Vector3.new(-1487.0, 533.9, 1212.5),
    Vector3.new(-1482.2, 533.9, 1218.0),
    Vector3.new(-1479.2, 533.9, 1221.3),
    Vector3.new(-1476.3, 533.9, 1224.7),
    Vector3.new(-1473.7, 533.9, 1227.7),
    Vector3.new(-1471.0, 533.9, 1230.7),
    Vector3.new(-1468.4, 533.9, 1233.7),
    Vector3.new(-1465.8, 533.9, 1236.7),
    Vector3.new(-1463.1, 533.9, 1239.8),
    Vector3.new(-1460.5, 533.9, 1242.8),
    Vector3.new(-1457.8, 533.9, 1245.8),
    Vector3.new(-1455.1, 533.9, 1248.9),
    Vector3.new(-1452.5, 533.9, 1251.9),
    Vector3.new(-1449.9, 533.9, 1254.9),
    Vector3.new(-1447.2, 533.9, 1258.0),
    Vector3.new(-1444.6, 533.9, 1261.0),
    Vector3.new(-1441.8, 533.9, 1264.1),
    Vector3.new(-1439.1, 533.9, 1267.2),
    Vector3.new(-1436.4, 533.9, 1270.4),
    Vector3.new(-1433.7, 533.9, 1273.4),
    Vector3.new(-1431.0, 533.9, 1276.5),
    Vector3.new(-1428.3, 533.9, 1279.6),
    Vector3.new(-1425.6, 533.9, 1282.7),
    Vector3.new(-1422.9, 533.9, 1285.7),
    Vector3.new(-1420.2, 533.9, 1288.9),
    Vector3.new(-1417.4, 533.9, 1292.0),
    Vector3.new(-1414.7, 533.9, 1295.2),
    Vector3.new(-1411.9, 533.9, 1298.3),
    Vector3.new(-1409.3, 533.9, 1301.4),
    Vector3.new(-1405.5, 533.9, 1305.7),
    Vector3.new(-1405.5, 534.0, 1309.8),
    Vector3.new(-1405.5, 534.0, 1313.8),
    Vector3.new(-1405.5, 534.1, 1318.0),
    Vector3.new(-1405.4, 534.2, 1322.4),
    Vector3.new(-1405.4, 534.2, 1326.7),
    Vector3.new(-1405.4, 534.3, 1330.9),
    Vector3.new(-1405.4, 534.4, 1335.1),
    Vector3.new(-1405.4, 534.5, 1339.4),
    Vector3.new(-1405.4, 534.5, 1343.6),
    Vector3.new(-1405.3, 534.6, 1348.1),
    Vector3.new(-1405.3, 534.7, 1352.4),
    Vector3.new(-1405.3, 534.7, 1356.8),
    Vector3.new(-1405.3, 534.8, 1361.1),
    Vector3.new(-1405.3, 534.9, 1365.4),
    Vector3.new(-1405.2, 534.9, 1369.8),
    Vector3.new(-1405.2, 535.0, 1374.0),
    Vector3.new(-1405.2, 535.1, 1378.3),
    Vector3.new(-1405.2, 535.2, 1382.4),
    Vector3.new(-1405.2, 535.2, 1386.5),
    Vector3.new(-1405.2, 535.3, 1390.6),
    Vector3.new(-1405.1, 535.4, 1394.8),
    Vector3.new(-1405.1, 535.4, 1398.9),
    Vector3.new(-1405.1, 535.5, 1403.0),
    Vector3.new(-1405.1, 535.6, 1407.2),
    Vector3.new(-1405.1, 535.6, 1411.3),
    Vector3.new(-1405.1, 535.7, 1415.6),
    Vector3.new(-1405.0, 535.8, 1423.0),
    Vector3.new(-1405.0, 536.0, 1433.0),
    Vector3.new(-1405.0, 536.1, 1437.5),
    Vector3.new(-1405.0, 536.2, 1444.6),
    Vector3.new(-1404.9, 536.3, 1451.0),
    Vector3.new(-1404.9, 536.4, 1457.5),
    Vector3.new(-1404.9, 536.5, 1464.0),
    Vector3.new(-1404.9, 536.6, 1470.6),
    Vector3.new(-1404.8, 536.7, 1477.4),
    Vector3.new(-1404.8, 536.8, 1483.4),
    Vector3.new(-1410.6, 535.3, 1481.3),
    Vector3.new(-1416.2, 533.8, 1479.3),
    Vector3.new(-1424.0, 531.7, 1476.5),
    Vector3.new(-1430.5, 530.0, 1474.1),
    Vector3.new(-1436.8, 528.4, 1471.9),
    Vector3.new(-1442.8, 526.8, 1469.7),
    Vector3.new(-1448.9, 525.2, 1467.5),
    Vector3.new(-1454.8, 523.7, 1465.4),
    Vector3.new(-1460.6, 522.1, 1463.3),
    Vector3.new(-1466.2, 520.6, 1461.2),
    Vector3.new(-1472.4, 519.0, 1459.0),
    Vector3.new(-1478.5, 517.4, 1456.8),
    Vector3.new(-1484.5, 515.9, 1454.7),
    Vector3.new(-1489.6, 514.5, 1452.8),
    Vector3.new(-1494.8, 513.1, 1451.0),
    Vector3.new(-1501.2, 511.5, 1448.6),
    Vector3.new(-1507.1, 509.9, 1446.5),
    Vector3.new(-1512.6, 509.9, 1446.5),
    Vector3.new(-1517.8, 509.9, 1446.5),
    Vector3.new(-1523.0, 509.9, 1446.5),
    Vector3.new(-1528.2, 509.9, 1446.5),
    Vector3.new(-1533.4, 509.9, 1446.5),
    Vector3.new(-1538.6, 509.9, 1446.5),
    Vector3.new(-1543.9, 509.9, 1446.5),
    Vector3.new(-1549.2, 509.9, 1446.5),
    Vector3.new(-1554.5, 509.9, 1446.5),
    Vector3.new(-1559.9, 509.9, 1446.5),
    Vector3.new(-1565.2, 509.9, 1446.5),
    Vector3.new(-1570.5, 509.9, 1446.5),
    Vector3.new(-1574.8, 509.9, 1446.5),
    Vector3.new(-1579.0, 509.9, 1446.5),
    Vector3.new(-1583.1, 509.9, 1446.5),
    Vector3.new(-1587.3, 509.9, 1446.5),
    Vector3.new(-1591.5, 509.9, 1446.5),
    Vector3.new(-1595.8, 509.9, 1446.5),
    Vector3.new(-1600.0, 509.9, 1446.5),
    Vector3.new(-1604.2, 509.9, 1446.5),
    Vector3.new(-1608.3, 509.9, 1446.5),
    Vector3.new(-1612.5, 509.9, 1446.5),
    Vector3.new(-1616.4, 509.9, 1446.5),
    Vector3.new(-1620.5, 509.9, 1446.6),
    Vector3.new(-1624.5, 509.9, 1446.6),
    Vector3.new(-1628.5, 509.9, 1446.6),
    Vector3.new(-1632.6, 509.9, 1446.6),
    Vector3.new(-1636.6, 509.9, 1446.6),
    Vector3.new(-1640.7, 509.9, 1446.6),
    Vector3.new(-1644.7, 509.9, 1446.6),
    Vector3.new(-1648.7, 509.9, 1446.6),
    Vector3.new(-1652.6, 509.9, 1446.6),
    Vector3.new(-1657.1, 509.9, 1446.6),
    Vector3.new(-1661.0, 509.9, 1446.6),
    Vector3.new(-1665.1, 509.9, 1446.6),
    Vector3.new(-1669.1, 509.9, 1446.6),
    Vector3.new(-1673.1, 509.9, 1446.6),
    Vector3.new(-1677.3, 509.9, 1446.6),
    Vector3.new(-1681.4, 509.9, 1446.6),
    Vector3.new(-1685.6, 509.9, 1446.6),
    Vector3.new(-1689.6, 509.9, 1446.6),
    Vector3.new(-1693.6, 509.9, 1446.6),
    Vector3.new(-1697.6, 509.9, 1446.6),
    Vector3.new(-1701.6, 509.9, 1446.6),
    Vector3.new(-1705.6, 509.9, 1446.6),
    Vector3.new(-1709.7, 509.9, 1446.6),
    Vector3.new(-1713.9, 509.9, 1446.6),
    Vector3.new(-1717.9, 509.9, 1446.6),
    Vector3.new(-1722.0, 509.9, 1446.6),
    Vector3.new(-1726.1, 509.9, 1446.6),
    Vector3.new(-1730.3, 509.9, 1446.6),
    Vector3.new(-1734.3, 509.9, 1446.6),
    Vector3.new(-1738.3, 509.9, 1446.6),
    Vector3.new(-1742.3, 509.9, 1446.6),
    Vector3.new(-1747.0, 509.9, 1446.6),
    Vector3.new(-1751.2, 509.9, 1446.6),
    Vector3.new(-1755.6, 509.9, 1446.6),
    Vector3.new(-1759.8, 509.9, 1446.6),
    Vector3.new(-1765.3, 509.9, 1446.6),
    Vector3.new(-1769.7, 509.9, 1446.6),
    Vector3.new(-1774.0, 509.9, 1446.6),
    Vector3.new(-1778.4, 509.9, 1446.6),
    Vector3.new(-1783.2, 509.9, 1446.6),
    Vector3.new(-1787.8, 509.9, 1446.6),
    Vector3.new(-1792.3, 509.9, 1446.6),
    Vector3.new(-1796.4, 509.9, 1446.6),
    Vector3.new(-1810.6, 509.9, 1446.6),
    Vector3.new(-1814.9, 509.9, 1446.6),
    Vector3.new(-1819.0, 509.9, 1446.6),
    Vector3.new(-1823.2, 509.9, 1446.6),
    Vector3.new(-1827.3, 509.9, 1446.6),
    Vector3.new(-1835.8, 509.9, 1446.6),
    Vector3.new(-1842.9, 509.9, 1446.7),
    Vector3.new(-1850.1, 509.9, 1446.7),
    Vector3.new(-1857.5, 509.9, 1446.7),
    Vector3.new(-1864.7, 509.9, 1446.7),
    Vector3.new(-1872.4, 509.9, 1446.7),
    Vector3.new(-1880.3, 509.9, 1446.7),
    Vector3.new(-1888.1, 509.9, 1446.7),
    Vector3.new(-1895.3, 509.9, 1446.7),
    Vector3.new(-1902.6, 509.9, 1446.7),
    Vector3.new(-1909.5, 509.9, 1446.7),
    Vector3.new(-1916.8, 509.9, 1446.7),
    Vector3.new(-1924.1, 509.9, 1446.7),
    Vector3.new(-1931.2, 509.9, 1446.7),
    Vector3.new(-1938.4, 509.9, 1446.7),
    Vector3.new(-1945.7, 509.9, 1446.7),
    Vector3.new(-1953.5, 509.9, 1446.7),
    Vector3.new(-1960.3, 509.9, 1446.8),
    Vector3.new(-1967.4, 509.9, 1446.8),
    Vector3.new(-1974.3, 509.9, 1446.9),
    Vector3.new(-1981.5, 509.9, 1447.0),
    Vector3.new(-1988.7, 509.9, 1447.0),
    Vector3.new(-1995.6, 509.9, 1447.1),
    Vector3.new(-2001.4, 509.9, 1447.2),
    Vector3.new(-2005.6, 509.9, 1447.2),
    Vector3.new(-2009.7, 509.9, 1447.3),
    Vector3.new(-2013.7, 509.9, 1447.3),
    Vector3.new(-2017.8, 509.9, 1447.3),
    Vector3.new(-2021.9, 509.9, 1447.4),
    Vector3.new(-2026.2, 509.9, 1447.4),
    Vector3.new(-2030.2, 509.9, 1447.5),
    Vector3.new(-2034.4, 509.9, 1447.5),
    Vector3.new(-2037.1, 509.0, 1450.4),
    Vector3.new(-2039.9, 508.1, 1453.4),
    Vector3.new(-2042.7, 507.2, 1456.3),
    Vector3.new(-2045.6, 506.3, 1459.4),
    Vector3.new(-2048.6, 505.3, 1462.6),
    Vector3.new(-2051.3, 504.4, 1465.5),
    Vector3.new(-2054.4, 503.5, 1468.7),
    Vector3.new(-2057.3, 502.5, 1471.8),
    Vector3.new(-2060.1, 501.6, 1474.8),
    Vector3.new(-2062.8, 500.7, 1477.7),
    Vector3.new(-2065.6, 499.8, 1480.7),
    Vector3.new(-2068.5, 498.9, 1483.7),
    Vector3.new(-2068.5, 494.4, 1483.7),
    Vector3.new(-2068.5, 490.3, 1483.7),
    Vector3.new(-2068.4, 486.2, 1483.7),
    Vector3.new(-2068.4, 482.1, 1483.7),
    Vector3.new(-2068.4, 478.0, 1483.7),
    Vector3.new(-2068.3, 470.2, 1483.7),
    Vector3.new(-2068.3, 466.1, 1483.7),
    Vector3.new(-2068.3, 461.9, 1483.7),
    Vector3.new(-2068.3, 457.9, 1483.7),
    Vector3.new(-2068.3, 453.7, 1483.7),
    Vector3.new(-2068.2, 449.6, 1483.7),
    Vector3.new(-2068.2, 443.9, 1483.7),
    Vector3.new(-2072.3, 443.9, 1483.7),
    Vector3.new(-2076.5, 444.0, 1483.7),
    Vector3.new(-2080.8, 444.0, 1483.8),
    Vector3.new(-2085.1, 444.0, 1483.8),
    Vector3.new(-2089.3, 444.1, 1483.8),
    Vector3.new(-2093.5, 444.1, 1483.8),
    Vector3.new(-2097.7, 444.1, 1483.8),
    Vector3.new(-2102.0, 444.2, 1483.8),
    Vector3.new(-2106.1, 444.2, 1483.9),
    Vector3.new(-2110.5, 444.3, 1483.9),
    Vector3.new(-2114.8, 444.3, 1483.9),
    Vector3.new(-2119.0, 444.3, 1483.9),
    Vector3.new(-2123.3, 444.4, 1483.9),
    Vector3.new(-2127.7, 444.4, 1484.0),
    Vector3.new(-2131.9, 444.4, 1484.0),
    Vector3.new(-2139.2, 444.5, 1484.0),
    Vector3.new(-2143.5, 445.6, 1484.0),
    Vector3.new(-2147.6, 446.8, 1484.1),
    Vector3.new(-2152.2, 448.0, 1484.1),
    Vector3.new(-2156.2, 449.0, 1484.2),
    Vector3.new(-2160.3, 450.1, 1484.2),
    Vector3.new(-2168.4, 452.3, 1484.3),
    Vector3.new(-2172.8, 451.9, 1484.3),
    Vector3.new(-2177.2, 451.5, 1484.4),
    Vector3.new(-2181.5, 451.2, 1484.4),
    Vector3.new(-2185.9, 450.8, 1484.4),
    Vector3.new(-2190.1, 450.4, 1484.4),
    Vector3.new(-2194.3, 450.0, 1484.5),
    Vector3.new(-2198.5, 449.7, 1484.5),
    Vector3.new(-2202.8, 449.3, 1484.5),
    Vector3.new(-2207.2, 448.9, 1484.5),
    Vector3.new(-2211.5, 448.5, 1484.6),
    Vector3.new(-2215.6, 448.2, 1484.6),
    Vector3.new(-2219.8, 447.8, 1484.6),
    Vector3.new(-2223.9, 447.5, 1484.7),
    Vector3.new(-2228.0, 447.1, 1484.7),
    Vector3.new(-2235.9, 446.4, 1484.7),
    Vector3.new(-2243.3, 445.8, 1484.8),
    Vector3.new(-2250.7, 445.1, 1484.8),
    Vector3.new(-2258.0, 444.5, 1484.9),
    Vector3.new(-2265.4, 443.8, 1484.9),
    Vector3.new(-2272.5, 443.2, 1485.0),
    Vector3.new(-2279.9, 442.6, 1485.0),
    Vector3.new(-2287.2, 441.9, 1485.1),
    Vector3.new(-2294.5, 441.3, 1485.1),
    Vector3.new(-2302.1, 440.6, 1485.2),
    Vector3.new(-2309.1, 440.0, 1485.2),
    Vector3.new(-2314.5, 441.4, 1485.2),
    Vector3.new(-2319.8, 442.8, 1485.1),
    Vector3.new(-2325.1, 444.2, 1485.1),
    Vector3.new(-2330.5, 445.6, 1485.0),
    Vector3.new(-2335.7, 447.0, 1485.0),
    Vector3.new(-2342.8, 448.8, 1484.9),
    Vector3.new(-2348.2, 448.5, 1484.9),
    Vector3.new(-2353.9, 448.2, 1484.8),
    Vector3.new(-2359.3, 448.0, 1484.8),
    Vector3.new(-2364.8, 447.7, 1484.7),
    Vector3.new(-2370.7, 447.4, 1484.7),
    Vector3.new(-2376.1, 447.1, 1484.6),
    Vector3.new(-2381.6, 446.8, 1484.6),
    Vector3.new(-2387.2, 446.5, 1484.5),
    Vector3.new(-2393.0, 446.2, 1484.5),
    Vector3.new(-2398.6, 446.0, 1484.4),
    Vector3.new(-2404.1, 445.7, 1484.4),
    Vector3.new(-2409.7, 445.4, 1484.3),
    Vector3.new(-2415.3, 445.1, 1484.3),
    Vector3.new(-2420.8, 444.8, 1484.2),
    Vector3.new(-2425.3, 444.6, 1484.2),
    Vector3.new(-2429.6, 444.4, 1484.1),
    Vector3.new(-2433.9, 444.1, 1484.1),
    Vector3.new(-2438.3, 443.9, 1484.1),
    Vector3.new(-2442.7, 443.7, 1484.0),
    Vector3.new(-2447.1, 443.5, 1484.0),
    Vector3.new(-2451.5, 443.3, 1483.9),
    Vector3.new(-2455.8, 443.0, 1483.9),
    Vector3.new(-2460.6, 442.8, 1483.9),
    Vector3.new(-2468.2, 442.4, 1483.8),
    Vector3.new(-2472.4, 443.6, 1483.8),
    Vector3.new(-2476.7, 444.9, 1483.8),
    Vector3.new(-2481.0, 446.2, 1483.9),
    Vector3.new(-2485.4, 447.5, 1483.9),
    Vector3.new(-2490.2, 448.9, 1483.9),
    Vector3.new(-2504.6, 453.1, 1484.0),
    Vector3.new(-2509.4, 454.5, 1484.0),
    Vector3.new(-2513.7, 455.8, 1484.0),
    Vector3.new(-2518.0, 457.1, 1484.1),
    Vector3.new(-2522.3, 458.3, 1484.1),
    Vector3.new(-2526.9, 459.7, 1484.1),
    Vector3.new(-2532.3, 461.3, 1484.1),
    Vector3.new(-2536.6, 462.5, 1484.1),
    Vector3.new(-2541.0, 463.8, 1484.2),
    Vector3.new(-2547.7, 465.8, 1484.2),
    Vector3.new(-2552.2, 465.4, 1484.2),
    Vector3.new(-2556.7, 465.0, 1484.3),
    Vector3.new(-2561.1, 464.6, 1484.3),
    Vector3.new(-2565.4, 464.2, 1484.4),
    Vector3.new(-2569.9, 463.8, 1484.4),
    Vector3.new(-2574.3, 463.4, 1484.4),
    Vector3.new(-2578.8, 463.0, 1484.5),
    Vector3.new(-2583.1, 462.6, 1484.5),
    Vector3.new(-2587.5, 462.3, 1484.5),
    Vector3.new(-2591.9, 461.9, 1484.6),
    Vector3.new(-2596.3, 461.5, 1484.6),
    Vector3.new(-2600.8, 461.1, 1484.7),
    Vector3.new(-2605.3, 460.7, 1484.7),
    Vector3.new(-2609.6, 460.3, 1484.7),
    Vector3.new(-2614.3, 459.9, 1484.8),
    Vector3.new(-2618.6, 459.5, 1484.8),
    Vector3.new(-2623.0, 459.1, 1484.8),
    Vector3.new(-2627.5, 458.7, 1484.9),
    Vector3.new(-2631.9, 458.3, 1484.9),
    Vector3.new(-2640.2, 457.6, 1485.0),
    Vector3.new(-2647.7, 456.9, 1485.1),
    Vector3.new(-2655.1, 456.2, 1485.1),
    Vector3.new(-2662.7, 455.6, 1485.2),
    Vector3.new(-2670.6, 454.9, 1485.3),
    Vector3.new(-2678.0, 454.2, 1485.3),
    Vector3.new(-2687.8, 453.3, 1485.4),
    Vector3.new(-2695.9, 452.6, 1485.5),
    Vector3.new(-2707.8, 451.5, 1485.6),
    Vector3.new(-2716.6, 450.8, 1485.6),
    Vector3.new(-2722.8, 450.2, 1485.7),
    Vector3.new(-2730.3, 451.2, 1485.8),
    Vector3.new(-2738.8, 452.2, 1485.8),
    Vector3.new(-2744.6, 453.0, 1485.9),
    Vector3.new(-2749.1, 453.5, 1485.9),
    Vector3.new(-2753.7, 454.1, 1485.9),
    Vector3.new(-2758.6, 454.7, 1486.0),
    Vector3.new(-2763.1, 455.3, 1486.0),
    Vector3.new(-2767.5, 455.9, 1486.0),
    Vector3.new(-2771.9, 456.4, 1486.1),
    Vector3.new(-2776.4, 457.0, 1486.1),
    Vector3.new(-2780.8, 457.6, 1486.1),
    Vector3.new(-2785.2, 458.1, 1486.2),
    Vector3.new(-2789.5, 458.7, 1486.2),
    Vector3.new(-2793.9, 459.2, 1486.2),
    Vector3.new(-2798.3, 459.8, 1486.3),
    Vector3.new(-2802.6, 460.3, 1486.3),
    Vector3.new(-2806.9, 460.9, 1486.3),
    Vector3.new(-2811.3, 461.5, 1486.4),
    Vector3.new(-2815.7, 462.0, 1486.4),
    Vector3.new(-2820.1, 462.6, 1486.4),
    Vector3.new(-2824.7, 463.2, 1486.5),
    Vector3.new(-2829.2, 463.7, 1486.5),
    Vector3.new(-2833.7, 464.3, 1486.6),
    Vector3.new(-2838.1, 464.9, 1486.6),
    Vector3.new(-2842.5, 465.4, 1486.6),
    Vector3.new(-2846.8, 466.0, 1486.7),
    Vector3.new(-2851.3, 466.5, 1486.7),
    Vector3.new(-2855.7, 467.1, 1486.7),
    Vector3.new(-2860.1, 467.7, 1486.8),
    Vector3.new(-2865.9, 468.4, 1486.8),
    Vector3.new(-2865.5, 472.9, 1486.8),
    Vector3.new(-2865.1, 477.4, 1486.9),
    Vector3.new(-2864.7, 481.9, 1486.9),
    Vector3.new(-2864.3, 486.3, 1486.9),
    Vector3.new(-2863.9, 490.7, 1486.9),
    Vector3.new(-2863.5, 495.1, 1487.0),
    Vector3.new(-2863.1, 499.6, 1487.0),
    Vector3.new(-2862.6, 504.3, 1487.0),
    Vector3.new(-2862.2, 508.8, 1487.1),
    Vector3.new(-2861.8, 513.3, 1487.1),
    Vector3.new(-2861.4, 517.8, 1487.1),
    Vector3.new(-2861.0, 522.3, 1487.1),
    Vector3.new(-2860.6, 526.7, 1487.2),
    Vector3.new(-2860.2, 530.9, 1487.2),
    Vector3.new(-2885.9, 534.6, 1486.7),
    Vector3.new(-2890.5, 535.2, 1486.7),
    Vector3.new(-2894.8, 535.9, 1486.6),
    Vector3.new(-2899.3, 536.5, 1486.5),
    Vector3.new(-2903.6, 537.1, 1486.4),
    Vector3.new(-2908.1, 537.8, 1486.3),
    Vector3.new(-2912.5, 538.4, 1486.3),
    Vector3.new(-2917.1, 539.0, 1486.2),
    Vector3.new(-2921.6, 539.7, 1486.1),
    Vector3.new(-2926.2, 540.4, 1486.0),
    Vector3.new(-2930.8, 541.0, 1485.9),
    Vector3.new(-2938.4, 542.1, 1485.8),
    Vector3.new(-2938.8, 546.5, 1485.9),
    Vector3.new(-2939.3, 551.3, 1485.9),
    Vector3.new(-2939.8, 556.0, 1486.0),
    Vector3.new(-2940.2, 560.4, 1486.0),
    Vector3.new(-2940.7, 565.1, 1486.1),
    Vector3.new(-2941.1, 569.6, 1486.2),
    Vector3.new(-2941.6, 574.1, 1486.2),
    Vector3.new(-2942.0, 578.6, 1486.3),
    Vector3.new(-2942.5, 583.1, 1486.3),
    Vector3.new(-2942.9, 587.6, 1486.4),
    Vector3.new(-2943.4, 592.1, 1486.4),
    Vector3.new(-2943.8, 596.6, 1486.5),
    Vector3.new(-2944.3, 601.3, 1486.6),
    Vector3.new(-2944.7, 605.8, 1486.6),
    Vector3.new(-2945.4, 612.5, 1486.7),
    Vector3.new(-2949.9, 612.9, 1486.6),
    Vector3.new(-2954.6, 613.2, 1486.5),
    Vector3.new(-2959.1, 613.6, 1486.5),
    Vector3.new(-2963.7, 614.0, 1486.4),
    Vector3.new(-2968.2, 614.3, 1486.3),
    Vector3.new(-2972.8, 614.7, 1486.2),
    Vector3.new(-2977.4, 615.1, 1486.1),
    Vector3.new(-2981.8, 615.4, 1486.0),
    Vector3.new(-2986.5, 615.8, 1486.0),
    Vector3.new(-2991.8, 616.2, 1485.9),
    Vector3.new(-2996.4, 616.6, 1485.8),
    Vector3.new(-3000.9, 617.0, 1485.7),
    Vector3.new(-3005.5, 617.3, 1485.6),
    Vector3.new(-3011.2, 617.8, 1485.5),
    Vector3.new(-3011.4, 622.4, 1485.5),
    Vector3.new(-3011.7, 626.9, 1485.5),
    Vector3.new(-3011.9, 631.6, 1485.5),
    Vector3.new(-3012.2, 636.2, 1485.5),
    Vector3.new(-3012.4, 640.9, 1485.5),
    Vector3.new(-3012.7, 645.5, 1485.5),
    Vector3.new(-3012.9, 650.2, 1485.5),
    Vector3.new(-3013.2, 655.2, 1485.5),
    Vector3.new(-3013.4, 659.8, 1485.6),
    Vector3.new(-3013.7, 664.5, 1485.6),
    Vector3.new(-3013.9, 669.1, 1485.6),
    Vector3.new(-3014.1, 673.7, 1485.6),
    Vector3.new(-3014.4, 678.4, 1485.6),
    Vector3.new(-3014.6, 683.0, 1485.6),
    Vector3.new(-3014.9, 687.6, 1485.6),
    Vector3.new(-3015.2, 693.6, 1485.6),
    Vector3.new(-3019.5, 692.2, 1485.7),
    Vector3.new(-3024.2, 690.6, 1485.9),
    Vector3.new(-3028.7, 689.1, 1486.0),
    Vector3.new(-3036.3, 686.6, 1486.3),
    Vector3.new(-3043.4, 684.3, 1486.5),
    Vector3.new(-3051.0, 681.8, 1486.7),
    Vector3.new(-3058.2, 679.4, 1486.9),
    Vector3.new(-3065.9, 676.8, 1487.2),
    Vector3.new(-3076.3, 673.4, 1487.5),
    Vector3.new(-3082.6, 673.4, 1487.4),
    Vector3.new(-3088.6, 673.4, 1487.4),
    Vector3.new(-3094.5, 673.4, 1487.3),
    Vector3.new(-3100.5, 673.4, 1487.3),
    Vector3.new(-3106.4, 673.4, 1487.2),
    Vector3.new(-3112.4, 673.4, 1487.2),
    Vector3.new(-3118.6, 673.4, 1487.1),
    Vector3.new(-3124.6, 673.4, 1487.1),
    Vector3.new(-3130.7, 673.4, 1487.0),
    Vector3.new(-3136.0, 673.4, 1487.0),
    Vector3.new(-3140.9, 673.4, 1486.9),
    Vector3.new(-3146.0, 673.4, 1486.9),
    Vector3.new(-3151.0, 673.4, 1486.8),
    Vector3.new(-3155.9, 673.4, 1486.8),
    Vector3.new(-3160.9, 673.4, 1486.7),
    Vector3.new(-3165.8, 673.4, 1486.7),
    Vector3.new(-3170.8, 673.4, 1486.6),
    Vector3.new(-3176.0, 673.4, 1486.6),
    Vector3.new(-3181.0, 673.4, 1486.6),
    Vector3.new(-3186.2, 673.4, 1486.5),
    Vector3.new(-3191.1, 673.4, 1486.5),
    Vector3.new(-3196.2, 673.4, 1486.4),
    Vector3.new(-3201.2, 673.4, 1486.4),
    Vector3.new(-3206.4, 673.4, 1486.3),
    Vector3.new(-3211.4, 673.4, 1486.3),
    Vector3.new(-3219.6, 673.4, 1486.2),
    Vector3.new(-3224.7, 673.4, 1486.2),
    Vector3.new(-3229.7, 673.4, 1486.2),
    Vector3.new(-3234.8, 673.5, 1486.2),
    Vector3.new(-3243.8, 673.5, 1486.2),
    Vector3.new(-3249.2, 672.8, 1486.2),
    Vector3.new(-3254.4, 672.1, 1486.2),
    Vector3.new(-3260.5, 671.3, 1486.2),
    Vector3.new(-3265.6, 670.6, 1486.1),
    Vector3.new(-3270.9, 669.9, 1486.1),
    Vector3.new(-3276.5, 669.1, 1486.1),
    Vector3.new(-3282.4, 668.3, 1486.1),
    Vector3.new(-3287.6, 667.6, 1486.1),
    Vector3.new(-3292.8, 666.9, 1486.1),
    Vector3.new(-3298.0, 666.2, 1486.1),
    Vector3.new(-3303.8, 665.4, 1486.0),
    Vector3.new(-3309.0, 664.7, 1486.0),
    Vector3.new(-3314.3, 664.0, 1486.0),
    Vector3.new(-3319.5, 663.3, 1486.0),
    Vector3.new(-3325.5, 662.5, 1486.0),
    Vector3.new(-3330.6, 661.8, 1486.0),
    Vector3.new(-3335.9, 661.1, 1486.0),
    Vector3.new(-3341.2, 660.4, 1485.9),
    Vector3.new(-3347.2, 659.6, 1485.9),
    Vector3.new(-3352.2, 658.9, 1485.9),
    Vector3.new(-3357.4, 658.2, 1485.9),
    Vector3.new(-3362.8, 657.5, 1485.9),
    Vector3.new(-3369.5, 656.6, 1485.9),
    Vector3.new(-3375.0, 655.9, 1485.8),
    Vector3.new(-3380.9, 655.1, 1485.8),
    Vector3.new(-3387.3, 654.2, 1485.8),
    Vector3.new(-3392.6, 653.5, 1485.8),
    Vector3.new(-3397.8, 652.7, 1485.8),
    Vector3.new(-3403.2, 652.0, 1485.8),
    Vector3.new(-3409.0, 651.1, 1485.7),
    Vector3.new(-3414.2, 650.3, 1485.7),
    Vector3.new(-3419.3, 649.6, 1485.7),
    Vector3.new(-3425.2, 648.7, 1485.7),
    Vector3.new(-3430.9, 647.9, 1485.7),
    Vector3.new(-3439.5, 646.6, 1485.6),
    Vector3.new(-3447.7, 645.4, 1485.6),
    Vector3.new(-3456.7, 644.1, 1485.6),
    Vector3.new(-3464.9, 642.9, 1485.5),
    Vector3.new(-3473.4, 641.7, 1485.5),
    Vector3.new(-3482.2, 640.4, 1485.5),
    Vector3.new(-3490.5, 639.2, 1485.4),
    Vector3.new(-3499.9, 637.8, 1485.4),
    Vector3.new(-3509.6, 636.4, 1485.4),
    Vector3.new(-3515.2, 635.6, 1485.3),
    Vector3.new(-3520.4, 634.8, 1485.3),
    Vector3.new(-3526.3, 634.0, 1485.3),
    Vector3.new(-3531.4, 633.2, 1485.3),
    Vector3.new(-3536.6, 632.5, 1485.3),
    Vector3.new(-3541.9, 631.7, 1485.3),
    Vector3.new(-3547.8, 630.8, 1485.2),
    Vector3.new(-3552.9, 630.1, 1485.2),
    Vector3.new(-3558.2, 629.3, 1485.2),
    Vector3.new(-3563.6, 628.5, 1485.2),
    Vector3.new(-3569.5, 627.7, 1485.2),
    Vector3.new(-3574.6, 626.9, 1485.1),
    Vector3.new(-3579.8, 626.1, 1485.1),
    Vector3.new(-3585.2, 625.4, 1485.1),
    Vector3.new(-3590.9, 624.5, 1485.1),
    Vector3.new(-3596.0, 623.8, 1485.1),
    Vector3.new(-3601.1, 623.0, 1485.0),
    Vector3.new(-3607.6, 622.1, 1485.0),
    Vector3.new(-3613.5, 621.2, 1485.0),
    Vector3.new(-3618.6, 620.5, 1485.0),
    Vector3.new(-3623.8, 619.7, 1485.0),
    Vector3.new(-3629.2, 618.9, 1484.9),
    Vector3.new(-3637.6, 617.7, 1484.9),
    Vector3.new(-3642.8, 617.7, 1485.3),
    Vector3.new(-3647.9, 617.7, 1485.6),
    Vector3.new(-3653.2, 617.7, 1486.0),
    Vector3.new(-3659.1, 617.7, 1486.3),
    Vector3.new(-3664.3, 617.7, 1486.7),
    Vector3.new(-3669.5, 617.7, 1486.7),
    Vector3.new(-3675.4, 617.7, 1486.7),
    Vector3.new(-3681.3, 617.7, 1486.7),
    Vector3.new(-3686.5, 617.7, 1486.7),
    Vector3.new(-3691.5, 617.7, 1486.7),
    Vector3.new(-3697.0, 617.7, 1486.7),
    Vector3.new(-3702.8, 617.7, 1486.7),
    Vector3.new(-3708.0, 617.7, 1486.7),
    Vector3.new(-3713.1, 617.7, 1486.7),
    Vector3.new(-3718.4, 617.7, 1486.7),
    Vector3.new(-3724.2, 617.7, 1486.7),
    Vector3.new(-3729.5, 617.7, 1486.7),
    Vector3.new(-3734.6, 617.7, 1486.7),
    Vector3.new(-3740.0, 617.7, 1486.7),
    Vector3.new(-3745.7, 617.7, 1486.7),
    Vector3.new(-3750.8, 617.7, 1486.7),
    Vector3.new(-3756.1, 617.7, 1486.7),
    Vector3.new(-3761.3, 617.7, 1486.7),
    Vector3.new(-3767.2, 617.7, 1486.7),
    Vector3.new(-3772.3, 617.7, 1486.7),
    Vector3.new(-3777.5, 617.7, 1486.7),
    Vector3.new(-3782.8, 617.7, 1486.6),
    Vector3.new(-3788.6, 617.7, 1486.6),
    Vector3.new(-3793.8, 617.7, 1486.6),
    Vector3.new(-3798.8, 617.7, 1486.6),
    Vector3.new(-3804.1, 617.7, 1486.6),
    Vector3.new(-3809.9, 617.7, 1486.6),
    Vector3.new(-3815.0, 617.7, 1486.6),
    Vector3.new(-3820.2, 617.7, 1486.6),
    Vector3.new(-3825.7, 617.7, 1486.6),
    Vector3.new(-3831.7, 617.7, 1486.6),
    Vector3.new(-3839.8, 617.7, 1486.6),
    Vector3.new(-3846.5, 617.7, 1486.6),
    Vector3.new(-3853.7, 617.7, 1486.6),
    Vector3.new(-3860.2, 617.7, 1486.6),
    Vector3.new(-3866.7, 617.7, 1486.6),
    Vector3.new(-3873.7, 617.7, 1486.6),
    Vector3.new(-3880.0, 617.7, 1486.6),
    Vector3.new(-3886.5, 617.7, 1486.6),
    Vector3.new(-3893.0, 617.7, 1486.6),
    Vector3.new(-3898.6, 617.7, 1486.6),
    Vector3.new(-3903.7, 617.7, 1486.6),
    Vector3.new(-3908.9, 617.7, 1486.6),
    Vector3.new(-3914.1, 617.7, 1486.6),
    Vector3.new(-3919.4, 617.7, 1486.6),
    Vector3.new(-3924.5, 617.7, 1486.6),
    Vector3.new(-3929.7, 617.7, 1486.6),
    Vector3.new(-3934.7, 617.7, 1486.6),
    Vector3.new(-3939.8, 617.7, 1486.6),
    Vector3.new(-3944.9, 617.7, 1486.6),
    Vector3.new(-3949.9, 617.7, 1486.6),
    Vector3.new(-3954.9, 617.7, 1486.6),
    Vector3.new(-3959.9, 617.7, 1486.6),
    Vector3.new(-3964.9, 617.7, 1486.6),
    Vector3.new(-3969.8, 617.7, 1486.6),
    Vector3.new(-3974.9, 617.7, 1486.6),
    Vector3.new(-3980.1, 617.7, 1486.6),
    Vector3.new(-3985.1, 617.7, 1486.6),
    Vector3.new(-3990.1, 617.7, 1486.6),
    Vector3.new(-3995.4, 617.7, 1486.6),
    Vector3.new(-4000.8, 617.7, 1486.6),
    Vector3.new(-4005.8, 617.7, 1486.6),
    Vector3.new(-4010.9, 617.7, 1486.6),
    Vector3.new(-4015.9, 617.7, 1486.6),
    Vector3.new(-4021.1, 617.7, 1486.5),
    Vector3.new(-4026.2, 617.7, 1486.5),
    Vector3.new(-4031.5, 617.7, 1486.5),
    Vector3.new(-4036.6, 617.7, 1486.5),
    Vector3.new(-4041.8, 617.7, 1486.5),
    Vector3.new(-4047.0, 617.7, 1486.5),
    Vector3.new(-4052.0, 617.7, 1486.5),
    Vector3.new(-4057.3, 617.7, 1486.5),
    Vector3.new(-4062.7, 617.7, 1486.5),
    Vector3.new(-4067.8, 617.7, 1486.5),
    Vector3.new(-4072.9, 617.7, 1486.5),
    Vector3.new(-4078.7, 617.7, 1486.5),
    Vector3.new(-4084.0, 617.7, 1486.5),
    Vector3.new(-4089.3, 617.7, 1486.5),
    Vector3.new(-4094.4, 617.7, 1486.5),
    Vector3.new(-4099.5, 617.7, 1486.5),
    Vector3.new(-4104.7, 617.7, 1486.5),
    Vector3.new(-4109.7, 617.7, 1486.5),
    Vector3.new(-4114.9, 617.7, 1486.5),
    Vector3.new(-4120.1, 617.7, 1486.5),
    Vector3.new(-4125.3, 617.7, 1486.5),
    Vector3.new(-4134.4, 617.7, 1486.5),
    Vector3.new(-4139.9, 617.6, 1486.3),
    Vector3.new(-4145.3, 617.5, 1486.1),
    Vector3.new(-4150.9, 617.3, 1485.9),
    Vector3.new(-4156.5, 617.2, 1485.8),
    Vector3.new(-4162.0, 617.1, 1485.6),
    Vector3.new(-4167.3, 617.0, 1485.4),
    Vector3.new(-4176.4, 616.8, 1485.1),
    Vector3.new(-4181.3, 616.8, 1486.8),
    Vector3.new(-4186.3, 616.9, 1488.5),
    Vector3.new(-4191.1, 616.9, 1490.2),
    Vector3.new(-4196.1, 617.0, 1491.9),
    Vector3.new(-4205.6, 617.0, 1495.1),
    Vector3.new(-4211.2, 617.1, 1497.0),
    Vector3.new(-4217.5, 617.1, 1499.2),
    Vector3.new(-4222.5, 617.2, 1500.9),
    Vector3.new(-4227.4, 617.2, 1502.6),
    Vector3.new(-4233.1, 617.3, 1504.5),
    Vector3.new(-4242.2, 617.3, 1507.6),
    Vector3.new(-4251.9, 617.4, 1511.0),
    Vector3.new(-4260.5, 617.5, 1513.9),
    Vector3.new(-4269.1, 617.6, 1516.9),
    Vector3.new(-4276.5, 617.6, 1519.4),
    Vector3.new(-4282.5, 617.7, 1521.4),
    Vector3.new(-4288.3, 617.7, 1523.4),
    Vector3.new(-4294.1, 617.8, 1525.4),
    Vector3.new(-4301.1, 617.8, 1527.8),
    Vector3.new(-4306.8, 617.9, 1529.8),
    Vector3.new(-4312.9, 617.9, 1531.8),
    Vector3.new(-4318.1, 618.0, 1533.6),
    Vector3.new(-4323.7, 618.0, 1535.6),
    Vector3.new(-4328.8, 618.1, 1537.3),
    Vector3.new(-4335.0, 618.1, 1539.4),
    Vector3.new(-4340.5, 618.2, 1541.3),
    Vector3.new(-4346.1, 618.2, 1543.2),
    Vector3.new(-4351.1, 618.2, 1544.9),
    Vector3.new(-4358.0, 618.3, 1547.3),
    Vector3.new(-4364.2, 618.2, 1548.2),
    Vector3.new(-4370.6, 618.1, 1549.1),
    Vector3.new(-4376.2, 618.0, 1549.9),
    Vector3.new(-4382.1, 617.9, 1550.7),
    Vector3.new(-4391.6, 617.7, 1552.1),
    Vector3.new(-4396.9, 617.7, 1549.3),
    Vector3.new(-4401.7, 617.8, 1546.8),
    Vector3.new(-4408.7, 617.8, 1543.1),
    Vector3.new(-4415.2, 617.9, 1539.7),
    Vector3.new(-4420.7, 617.9, 1536.8),
    Vector3.new(-4425.8, 617.9, 1534.1),
    Vector3.new(-4431.4, 618.0, 1531.2),
    Vector3.new(-4436.8, 618.0, 1528.3),
    Vector3.new(-4442.5, 618.0, 1525.3),
    Vector3.new(-4447.6, 618.1, 1522.7),
    Vector3.new(-4453.1, 618.1, 1519.8),
    Vector3.new(-4458.1, 618.1, 1517.1),
    Vector3.new(-4463.6, 618.2, 1514.2),
    Vector3.new(-4469.4, 618.2, 1511.2),
    Vector3.new(-4475.5, 618.2, 1508.0),
    Vector3.new(-4480.4, 618.3, 1505.4),
    Vector3.new(-4485.9, 618.3, 1502.5),
    Vector3.new(-4490.7, 618.3, 1500.0),
    Vector3.new(-4496.0, 618.4, 1497.2),
    Vector3.new(-4500.9, 618.4, 1494.6),
    Vector3.new(-4508.5, 618.4, 1490.6),
    Vector3.new(-4514.5, 618.5, 1487.4),
    Vector3.new(-4526.4, 618.6, 1481.2),
    Vector3.new(-4533.7, 618.6, 1477.4),
    Vector3.new(-4539.3, 618.6, 1474.4),
    Vector3.new(-4545.2, 618.7, 1471.3),
    Vector3.new(-4550.3, 618.7, 1468.6),
    Vector3.new(-4556.3, 618.8, 1465.5),
    Vector3.new(-4562.2, 618.8, 1462.4),
    Vector3.new(-4567.6, 618.8, 1459.5),
    Vector3.new(-4572.5, 618.9, 1456.9),
    Vector3.new(-4577.8, 618.9, 1454.1),
    Vector3.new(-4582.5, 618.9, 1451.7),
    Vector3.new(-4587.2, 618.9, 1449.2),
    Vector3.new(-4595.2, 619.0, 1445.0),
    Vector3.new(-4601.2, 618.8, 1444.7),
    Vector3.new(-4606.6, 618.5, 1444.5),
    Vector3.new(-4612.5, 618.3, 1444.2),
    Vector3.new(-4618.0, 618.1, 1443.9),
    Vector3.new(-4626.8, 617.7, 1443.5),
    Vector3.new(-4631.3, 617.7, 1446.3),
    Vector3.new(-4639.0, 617.7, 1451.0),
    Vector3.new(-4646.0, 617.8, 1455.3),
    Vector3.new(-4653.1, 617.8, 1459.6),
    Vector3.new(-4660.8, 617.8, 1464.4),
    Vector3.new(-4668.4, 617.8, 1469.0),
    Vector3.new(-4675.6, 617.8, 1473.4),
    Vector3.new(-4682.8, 617.9, 1477.8),
    Vector3.new(-4690.8, 617.9, 1482.8),
    Vector3.new(-4700.5, 617.9, 1488.7),
    Vector3.new(-4708.7, 617.9, 1493.7),
    Vector3.new(-4716.3, 617.9, 1498.4),
    Vector3.new(-4727.0, 618.0, 1504.9),
    Vector3.new(-4732.7, 618.0, 1508.4),
    Vector3.new(-4737.3, 618.0, 1511.2),
    Vector3.new(-4742.0, 618.0, 1514.1),
    Vector3.new(-4746.6, 618.0, 1516.9),
    Vector3.new(-4751.6, 618.0, 1520.0),
    Vector3.new(-4756.2, 618.1, 1522.8),
    Vector3.new(-4761.2, 618.1, 1525.9),
    Vector3.new(-4765.7, 618.1, 1528.6),
    Vector3.new(-4770.3, 618.1, 1531.5),
    Vector3.new(-4774.9, 618.1, 1534.3),
    Vector3.new(-4782.5, 618.1, 1538.9),
    Vector3.new(-4787.9, 618.1, 1542.2),
    Vector3.new(-4792.6, 618.2, 1545.1),
    Vector3.new(-4797.2, 618.2, 1547.9),
    Vector3.new(-4801.8, 618.2, 1550.8),
    Vector3.new(-4808.4, 618.2, 1554.8),
    Vector3.new(-4813.8, 618.1, 1554.1),
    Vector3.new(-4819.3, 618.0, 1553.4),
    Vector3.new(-4824.6, 617.9, 1552.7),
    Vector3.new(-4830.0, 617.8, 1552.0),
    Vector3.new(-4835.3, 617.7, 1551.3),
    Vector3.new(-4840.9, 617.6, 1550.6),
    Vector3.new(-4845.6, 617.5, 1547.4),
    Vector3.new(-4850.1, 617.4, 1544.3),
    Vector3.new(-4854.7, 617.3, 1541.2),
    Vector3.new(-4859.1, 617.2, 1538.2),
    Vector3.new(-4863.7, 617.1, 1535.1),
    Vector3.new(-4868.1, 617.0, 1532.0),
    Vector3.new(-4874.0, 616.9, 1528.0),
    Vector3.new(-4879.2, 616.8, 1524.5),
    Vector3.new(-4883.9, 616.7, 1521.3),
    Vector3.new(-4888.6, 616.5, 1518.1),
    Vector3.new(-4893.1, 616.4, 1515.0),
    Vector3.new(-4897.7, 616.3, 1511.9),
    Vector3.new(-4902.2, 616.2, 1508.8),
    Vector3.new(-4906.7, 616.1, 1505.7),
    Vector3.new(-4912.0, 616.0, 1502.2),
    Vector3.new(-4917.0, 615.9, 1498.8),
    Vector3.new(-4921.7, 615.8, 1495.5),
    Vector3.new(-4926.2, 615.7, 1492.5),
    Vector3.new(-4930.8, 615.6, 1489.4),
    Vector3.new(-4936.0, 615.5, 1485.8),
    Vector3.new(-4941.6, 615.9, 1485.9),
    Vector3.new(-4947.2, 616.2, 1486.1),
    Vector3.new(-4952.8, 616.6, 1486.2),
    Vector3.new(-4958.4, 616.9, 1486.3),
    Vector3.new(-4964.0, 617.3, 1486.5),
    Vector3.new(-4970.4, 617.7, 1486.6),
    Vector3.new(-4970.0, 617.3, 1480.8),
    Vector3.new(-4969.7, 616.8, 1474.8),
    Vector3.new(-4969.3, 616.3, 1468.4),
    Vector3.new(-4968.9, 615.9, 1462.9),
    Vector3.new(-4968.6, 615.5, 1457.6),
    Vector3.new(-4968.6, 617.8, 1457.6)
}
