local Waypoints = {
    Vector3.new(-1456.3, -158.0, -1000.7),
    Vector3.new(-1456.3, -158.0, -997.8),
    Vector3.new(-1456.3, -158.0, -994.2),
    Vector3.new(-1456.3, -158.1, -990.6),
    Vector3.new(-1456.3, -158.1, -987.1),
    Vector3.new(-1456.2, -158.2, -983.6),
    Vector3.new(-1456.2, -158.2, -980.0),
    Vector3.new(-1456.2, -158.2, -977.3),
    Vector3.new(-1456.2, -158.2, -975.3),
    Vector3.new(-1456.2, -158.3, -971.6),
    Vector3.new(-1456.2, -158.4, -965.0),
    Vector3.new(-1456.2, -158.4, -959.6),
    Vector3.new(-1456.1, -158.5, -953.9),
    Vector3.new(-1456.1, -158.5, -948.4),
    Vector3.new(-1456.1, -158.6, -943.0),
    Vector3.new(-1456.1, -158.7, -937.4),
    Vector3.new(-1456.1, -158.7, -931.8),
    Vector3.new(-1456.0, -158.8, -926.3),
    Vector3.new(-1456.0, -158.8, -920.5),
    Vector3.new(-1456.0, -158.9, -914.9),
    Vector3.new(-1456.0, -158.9, -911.8),
    Vector3.new(-1456.0, -159.0, -909.7),
    Vector3.new(-1456.0, -159.0, -907.6),
    Vector3.new(-1456.0, -159.0, -905.5),
    Vector3.new(-1456.0, -159.0, -903.4),
    Vector3.new(-1455.9, -159.1, -901.3),
    Vector3.new(-1455.9, -159.1, -899.2),
    Vector3.new(-1455.9, -159.1, -896.6),
    Vector3.new(-1455.9, -159.1, -894.4),
    Vector3.new(-1455.9, -159.2, -892.2),
    Vector3.new(-1455.9, -159.2, -890.1),
    Vector3.new(-1455.9, -159.2, -888.0),
    Vector3.new(-1455.9, -159.2, -885.9),
    Vector3.new(-1455.9, -159.2, -883.8),
    Vector3.new(-1455.9, -159.3, -881.7),
    Vector3.new(-1455.9, -159.3, -879.6),
    Vector3.new(-1455.9, -159.3, -876.0),
    Vector3.new(-1455.8, -159.4, -873.9),
    Vector3.new(-1455.8, -159.4, -871.8),
    Vector3.new(-1455.8, -159.4, -869.6),
    Vector3.new(-1455.8, -159.4, -867.6),
    Vector3.new(-1455.8, -159.4, -865.5),
    Vector3.new(-1455.8, -159.5, -860.3),
    Vector3.new(-1454.0, -159.5, -861.2),
    Vector3.new(-1452.2, -159.5, -862.2),
    Vector3.new(-1450.2, -159.5, -863.2),
    Vector3.new(-1448.4, -159.5, -864.1),
    Vector3.new(-1446.5, -159.5, -865.1),
    Vector3.new(-1444.7, -159.5, -866.0),
    Vector3.new(-1442.9, -159.5, -867.0),
    Vector3.new(-1440.8, -159.5, -868.1),
    Vector3.new(-1436.7, -159.5, -870.2),
    Vector3.new(-1436.4, -159.3, -868.1),
    Vector3.new(-1436.1, -159.1, -866.0),
    Vector3.new(-1435.8, -158.9, -863.7),
    Vector3.new(-1435.5, -158.7, -861.6),
    Vector3.new(-1435.2, -158.5, -859.5),
    Vector3.new(-1434.9, -158.3, -857.4),
    Vector3.new(-1434.7, -158.2, -855.3),
    Vector3.new(-1434.4, -158.0, -853.3),
    Vector3.new(-1434.1, -157.8, -851.2),
    Vector3.new(-1433.8, -157.6, -849.0),
    Vector3.new(-1433.5, -157.4, -846.7),
    Vector3.new(-1433.2, -157.2, -844.6),
    Vector3.new(-1432.9, -157.0, -842.6),
    Vector3.new(-1432.6, -156.8, -840.6),
    Vector3.new(-1432.3, -156.6, -838.5),
    Vector3.new(-1431.7, -156.2, -833.8),
    Vector3.new(-1431.7, -155.6, -831.7),
    Vector3.new(-1431.7, -154.9, -829.5),
    Vector3.new(-1431.7, -154.2, -827.5),
    Vector3.new(-1431.7, -153.6, -825.5),
    Vector3.new(-1431.6, -153.0, -823.5),
    Vector3.new(-1431.6, -152.4, -821.6),
    Vector3.new(-1431.6, -151.7, -819.6),
    Vector3.new(-1431.6, -151.1, -817.6),
    Vector3.new(-1431.6, -150.5, -815.6),
    Vector3.new(-1431.6, -149.9, -813.6),
    Vector3.new(-1431.6, -149.2, -811.5),
    Vector3.new(-1431.6, -148.5, -809.5),
    Vector3.new(-1431.5, -147.9, -807.4),
    Vector3.new(-1431.5, -147.3, -805.4),
    Vector3.new(-1431.5, -146.6, -803.4),
    Vector3.new(-1431.5, -146.0, -801.4),
    Vector3.new(-1431.5, -145.4, -799.4),
    Vector3.new(-1431.5, -144.7, -797.2),
    Vector3.new(-1431.5, -144.1, -795.2),
    Vector3.new(-1431.5, -143.4, -793.2),
    Vector3.new(-1431.4, -142.8, -791.2),
    Vector3.new(-1431.4, -142.1, -789.1),
    Vector3.new(-1431.4, -141.5, -787.0),
    Vector3.new(-1431.4, -140.9, -785.0),
    Vector3.new(-1431.4, -140.2, -783.0),
    Vector3.new(-1431.4, -139.6, -780.9),
    Vector3.new(-1431.4, -138.9, -778.9),
    Vector3.new(-1431.4, -138.3, -777.0),
    Vector3.new(-1431.4, -137.7, -775.0),
    Vector3.new(-1431.3, -137.0, -772.7),
    Vector3.new(-1431.3, -136.4, -770.7),
    Vector3.new(-1431.3, -135.7, -768.7),
    Vector3.new(-1431.3, -135.1, -766.7),
    Vector3.new(-1431.3, -134.5, -764.7),
    Vector3.new(-1431.3, -133.9, -762.7),
    Vector3.new(-1431.3, -133.2, -760.7),
    Vector3.new(-1431.3, -132.6, -758.7),
    Vector3.new(-1431.2, -131.9, -756.6),
    Vector3.new(-1431.2, -131.3, -754.6),
    Vector3.new(-1431.2, -130.6, -752.3),
    Vector3.new(-1431.2, -129.9, -750.2),
    Vector3.new(-1431.2, -129.3, -748.2),
    Vector3.new(-1431.2, -128.6, -746.1),
    Vector3.new(-1431.2, -128.0, -744.1),
    Vector3.new(-1431.2, -127.4, -742.1),
    Vector3.new(-1431.1, -126.7, -740.0),
    Vector3.new(-1431.1, -126.1, -738.0),
    Vector3.new(-1431.1, -125.5, -736.0),
    Vector3.new(-1431.1, -124.2, -732.0),
    Vector3.new(-1431.1, -123.6, -730.0),
    Vector3.new(-1431.1, -122.9, -727.9),
    Vector3.new(-1431.1, -122.3, -726.0),
    Vector3.new(-1431.1, -121.6, -723.8),
    Vector3.new(-1431.1, -121.0, -721.8),
    Vector3.new(-1431.1, -120.4, -719.8),
    Vector3.new(-1431.1, -119.7, -717.7),
    Vector3.new(-1431.1, -119.1, -715.6),
    Vector3.new(-1431.1, -118.4, -713.6),
    Vector3.new(-1431.1, -117.8, -711.5),
    Vector3.new(-1431.1, -117.1, -709.5),
    Vector3.new(-1431.1, -116.5, -707.4),
    Vector3.new(-1431.1, -115.8, -705.4),
    Vector3.new(-1431.1, -115.2, -703.4),
    Vector3.new(-1431.1, -114.6, -701.4),
    Vector3.new(-1431.1, -113.9, -699.3),
    Vector3.new(-1431.1, -113.3, -697.3),
    Vector3.new(-1431.1, -112.6, -695.1),
    Vector3.new(-1431.1, -111.9, -693.0),
    Vector3.new(-1431.1, -111.3, -690.8),
    Vector3.new(-1431.1, -110.6, -688.7),
    Vector3.new(-1431.1, -109.9, -686.5),
    Vector3.new(-1431.1, -109.2, -684.4),
    Vector3.new(-1431.1, -108.5, -682.1),
    Vector3.new(-1431.2, -107.8, -679.8),
    Vector3.new(-1431.2, -107.1, -677.5),
    Vector3.new(-1431.2, -106.4, -675.3),
    Vector3.new(-1431.2, -105.7, -673.1),
    Vector3.new(-1431.2, -105.0, -670.9),
    Vector3.new(-1431.2, -104.3, -668.6),
    Vector3.new(-1431.2, -103.6, -666.4),
    Vector3.new(-1431.2, -102.9, -664.3),
    Vector3.new(-1431.2, -102.2, -662.1),
    Vector3.new(-1431.2, -101.5, -659.8),
    Vector3.new(-1431.2, -100.8, -657.7),
    Vector3.new(-1431.2, -100.2, -655.5),
    Vector3.new(-1431.2, -99.5, -653.3),
    Vector3.new(-1431.2, -98.8, -651.1),
    Vector3.new(-1431.2, -98.1, -649.0),
    Vector3.new(-1431.2, -97.4, -646.7),
    Vector3.new(-1431.2, -96.7, -644.6),
    Vector3.new(-1431.2, -96.1, -642.4),
    Vector3.new(-1431.2, -95.3, -640.1),
    Vector3.new(-1431.2, -94.6, -637.9),
    Vector3.new(-1431.2, -94.0, -635.7),
    Vector3.new(-1431.2, -92.5, -631.1),
    Vector3.new(-1431.1, -92.0, -628.9),
    Vector3.new(-1431.0, -91.4, -626.6),
    Vector3.new(-1430.9, -90.8, -624.1),
    Vector3.new(-1430.8, -90.3, -621.9),
    Vector3.new(-1430.7, -89.7, -619.6),
    Vector3.new(-1430.6, -89.1, -617.3),
    Vector3.new(-1430.6, -88.6, -615.0),
    Vector3.new(-1430.5, -88.0, -612.7),
    Vector3.new(-1430.4, -87.5, -610.5),
    Vector3.new(-1430.3, -86.9, -608.2),
    Vector3.new(-1430.2, -86.4, -606.0),
    Vector3.new(-1430.1, -85.8, -603.7),
    Vector3.new(-1430.0, -85.3, -601.5),
    Vector3.new(-1429.9, -84.7, -599.2),
    Vector3.new(-1429.8, -84.2, -596.9),
    Vector3.new(-1429.7, -83.6, -594.7),
    Vector3.new(-1429.6, -83.1, -592.4),
    Vector3.new(-1429.5, -82.5, -590.2),
    Vector3.new(-1429.5, -82.0, -587.9),
    Vector3.new(-1429.4, -81.4, -585.6),
    Vector3.new(-1429.3, -80.9, -583.3),
    Vector3.new(-1429.2, -80.3, -581.0),
    Vector3.new(-1429.1, -79.8, -578.7),
    Vector3.new(-1429.0, -79.2, -576.4),
    Vector3.new(-1428.9, -78.6, -574.1),
    Vector3.new(-1428.8, -78.1, -571.8),
    Vector3.new(-1428.5, -76.5, -565.3),
    Vector3.new(-1428.3, -75.2, -560.2),
    Vector3.new(-1428.1, -74.0, -555.0),
    Vector3.new(-1427.9, -72.6, -549.1),
    Vector3.new(-1427.7, -71.2, -543.4),
    Vector3.new(-1427.4, -69.8, -537.8),
    Vector3.new(-1427.2, -68.4, -532.0),
    Vector3.new(-1432.2, -68.4, -529.1),
    Vector3.new(-1437.5, -68.4, -526.1),
    Vector3.new(-1442.7, -68.4, -523.1),
    Vector3.new(-1448.8, -68.4, -519.6),
    Vector3.new(-1455.0, -68.4, -516.1),
    Vector3.new(-1454.9, -68.4, -510.1),
    Vector3.new(-1454.7, -68.3, -504.0),
    Vector3.new(-1454.6, -68.3, -498.7),
    Vector3.new(-1454.5, -68.3, -496.2),
    Vector3.new(-1454.5, -68.3, -493.7),
    Vector3.new(-1454.4, -68.2, -490.8),
    Vector3.new(-1454.3, -68.2, -488.4),
    Vector3.new(-1454.3, -68.2, -485.8),
    Vector3.new(-1454.2, -68.2, -483.3),
    Vector3.new(-1454.2, -68.2, -480.7),
    Vector3.new(-1454.1, -68.2, -478.3),
    Vector3.new(-1454.0, -68.1, -475.8),
    Vector3.new(-1454.0, -68.1, -473.2),
    Vector3.new(-1453.9, -68.1, -470.8),
    Vector3.new(-1453.9, -68.1, -468.2),
    Vector3.new(-1453.8, -68.1, -465.6),
    Vector3.new(-1453.7, -68.1, -463.0),
    Vector3.new(-1453.7, -68.1, -460.5),
    Vector3.new(-1453.6, -68.0, -458.0),
    Vector3.new(-1453.6, -68.0, -455.5),
    Vector3.new(-1453.5, -68.0, -452.9),
    Vector3.new(-1453.4, -68.0, -450.4),
    Vector3.new(-1453.4, -68.0, -447.8),
    Vector3.new(-1453.3, -68.0, -445.3),
    Vector3.new(-1453.2, -67.9, -442.7),
    Vector3.new(-1453.1, -67.9, -436.4),
    Vector3.new(-1453.1, -67.3, -433.9),
    Vector3.new(-1453.2, -66.6, -431.4),
    Vector3.new(-1453.2, -66.0, -428.9),
    Vector3.new(-1453.3, -65.4, -426.4),
    Vector3.new(-1453.3, -64.8, -423.9),
    Vector3.new(-1453.3, -64.0, -421.0),
    Vector3.new(-1453.4, -63.4, -418.4),
    Vector3.new(-1453.4, -62.8, -415.9),
    Vector3.new(-1453.5, -62.1, -413.4),
    Vector3.new(-1453.5, -61.5, -410.9),
    Vector3.new(-1453.5, -60.9, -408.4),
    Vector3.new(-1453.6, -60.2, -405.7),
    Vector3.new(-1453.6, -59.6, -403.2),
    Vector3.new(-1453.7, -59.0, -400.8),
    Vector3.new(-1453.7, -58.4, -398.3),
    Vector3.new(-1453.8, -56.8, -392.0),
    Vector3.new(-1453.8, -56.8, -389.5),
    Vector3.new(-1453.8, -56.7, -386.9),
    Vector3.new(-1453.8, -56.7, -384.3),
    Vector3.new(-1453.7, -56.7, -381.7),
    Vector3.new(-1453.7, -56.7, -379.2),
    Vector3.new(-1453.7, -56.6, -376.6),
    Vector3.new(-1453.7, -56.6, -374.0),
    Vector3.new(-1453.7, -56.6, -371.4),
    Vector3.new(-1453.7, -56.5, -368.8),
    Vector3.new(-1453.7, -56.5, -366.2),
    Vector3.new(-1453.7, -56.5, -363.6),
    Vector3.new(-1453.6, -56.5, -361.1),
    Vector3.new(-1453.6, -56.4, -358.4),
    Vector3.new(-1453.6, -56.4, -355.9),
    Vector3.new(-1453.6, -56.4, -353.2),
    Vector3.new(-1453.6, -56.3, -350.6),
    Vector3.new(-1453.6, -56.3, -347.9),
    Vector3.new(-1453.6, -56.3, -345.3),
    Vector3.new(-1453.6, -56.3, -342.7),
    Vector3.new(-1453.5, -56.2, -340.1),
    Vector3.new(-1453.5, -56.2, -337.6),
    Vector3.new(-1453.5, -56.2, -334.6),
    Vector3.new(-1453.5, -56.1, -331.9),
    Vector3.new(-1453.5, -56.1, -329.2),
    Vector3.new(-1453.5, -56.1, -326.6),
    Vector3.new(-1453.5, -56.1, -323.9),
    Vector3.new(-1453.5, -56.0, -321.4),
    Vector3.new(-1453.4, -56.0, -318.9),
    Vector3.new(-1453.4, -56.0, -316.3),
    Vector3.new(-1453.4, -55.9, -310.3),
    Vector3.new(-1453.4, -55.9, -307.7),
    Vector3.new(-1453.4, -55.9, -305.1),
    Vector3.new(-1453.4, -55.9, -302.5),
    Vector3.new(-1453.4, -55.9, -299.9),
    Vector3.new(-1453.4, -55.9, -297.3),
    Vector3.new(-1453.4, -55.9, -294.7),
    Vector3.new(-1453.4, -55.9, -292.0),
    Vector3.new(-1453.4, -55.9, -289.3),
    Vector3.new(-1453.4, -55.9, -286.7),
    Vector3.new(-1453.4, -55.9, -284.0),
    Vector3.new(-1453.4, -55.9, -281.4),
    Vector3.new(-1453.4, -55.9, -278.6),
    Vector3.new(-1453.4, -55.9, -276.0),
    Vector3.new(-1453.4, -55.9, -273.5),
    Vector3.new(-1453.4, -55.9, -270.9),
    Vector3.new(-1453.4, -55.9, -268.3),
    Vector3.new(-1453.4, -55.9, -265.7),
    Vector3.new(-1453.4, -55.9, -263.1),
    Vector3.new(-1453.5, -55.9, -260.5),
    Vector3.new(-1453.5, -55.9, -257.9),
    Vector3.new(-1453.5, -55.9, -255.4),
    Vector3.new(-1453.5, -55.9, -252.8),
    Vector3.new(-1453.5, -55.9, -250.1),
    Vector3.new(-1453.5, -55.9, -247.5),
    Vector3.new(-1453.5, -55.9, -244.9),
    Vector3.new(-1453.5, -55.9, -242.3),
    Vector3.new(-1453.5, -55.9, -239.7),
    Vector3.new(-1453.5, -56.0, -237.2),
    Vector3.new(-1453.5, -56.0, -234.6),
    Vector3.new(-1453.5, -56.0, -232.1),
    Vector3.new(-1453.5, -56.0, -229.5),
    Vector3.new(-1453.5, -56.0, -226.9),
    Vector3.new(-1453.5, -56.0, -224.2),
    Vector3.new(-1453.5, -56.0, -221.6),
    Vector3.new(-1453.5, -56.0, -218.9),
    Vector3.new(-1453.5, -56.0, -216.3),
    Vector3.new(-1453.5, -56.0, -213.7),
    Vector3.new(-1453.5, -56.0, -211.1),
    Vector3.new(-1453.5, -56.0, -208.4),
    Vector3.new(-1453.5, -56.0, -205.8),
    Vector3.new(-1453.5, -56.0, -203.3),
    Vector3.new(-1453.5, -56.0, -200.7),
    Vector3.new(-1453.5, -56.0, -198.1),
    Vector3.new(-1453.5, -56.0, -195.6),
    Vector3.new(-1453.5, -56.0, -193.0),
    Vector3.new(-1453.5, -56.0, -190.3),
    Vector3.new(-1453.5, -56.0, -187.6),
    Vector3.new(-1453.5, -56.0, -185.1),
    Vector3.new(-1453.5, -56.0, -182.5),
    Vector3.new(-1453.5, -56.0, -179.8),
    Vector3.new(-1453.5, -56.0, -177.3),
    Vector3.new(-1453.5, -56.0, -174.7),
    Vector3.new(-1453.5, -56.0, -172.1),
    Vector3.new(-1453.5, -56.0, -169.5),
    Vector3.new(-1453.6, -56.0, -162.2),
    Vector3.new(-1453.6, -56.0, -156.8),
    Vector3.new(-1453.6, -56.0, -151.4),
    Vector3.new(-1453.6, -56.0, -146.0),
    Vector3.new(-1453.6, -56.0, -140.5),
    Vector3.new(-1453.6, -56.0, -134.9),
    Vector3.new(-1453.6, -56.0, -129.1),
    Vector3.new(-1453.6, -56.0, -123.7),
    Vector3.new(-1453.6, -56.0, -118.1),
    Vector3.new(-1453.6, -56.0, -112.6),
    Vector3.new(-1453.6, -56.0, -107.1),
    Vector3.new(-1453.6, -56.0, -101.3),
    Vector3.new(-1453.6, -56.0, -94.7),
    Vector3.new(-1453.6, -56.1, -87.9),
    Vector3.new(-1453.6, -56.1, -81.1),
    Vector3.new(-1453.6, -56.1, -74.3),
    Vector3.new(-1453.7, -56.1, -67.0),
    Vector3.new(-1453.7, -56.1, -60.4),
    Vector3.new(-1453.7, -56.1, -53.6),
    Vector3.new(-1453.7, -56.1, -46.8),
    Vector3.new(-1453.7, -56.1, -39.9),
    Vector3.new(-1453.7, -56.1, -33.0),
    Vector3.new(-1453.7, -56.1, -26.9),
    Vector3.new(-1453.7, -56.1, -24.2),
    Vector3.new(-1453.7, -56.1, -19.3),
    Vector3.new(-1453.7, -56.1, -16.7),
    Vector3.new(-1453.7, -56.1, -14.0),
    Vector3.new(-1453.7, -56.1, -11.1),
    Vector3.new(-1453.7, -56.1, -8.4),
    Vector3.new(-1453.7, -56.1, -5.9),
    Vector3.new(-1453.7, -56.1, -3.2),
    Vector3.new(-1453.7, -56.1, -0.7),
    Vector3.new(-1453.7, -56.1, 2.0),
    Vector3.new(-1453.7, -56.1, 4.6),
    Vector3.new(-1453.7, -56.0, 7.3),
    Vector3.new(-1453.7, -56.0, 9.9),
    Vector3.new(-1453.7, -56.0, 12.6),
    Vector3.new(-1453.7, -56.0, 15.2),
    Vector3.new(-1453.7, -56.0, 17.9),
    Vector3.new(-1453.7, -56.0, 20.5),
    Vector3.new(-1453.7, -56.0, 23.1),
    Vector3.new(-1453.7, -56.0, 25.7),
    Vector3.new(-1453.7, -56.0, 28.4),
    Vector3.new(-1453.7, -56.0, 31.0),
    Vector3.new(-1453.7, -56.0, 33.7),
    Vector3.new(-1453.7, -56.0, 36.3),
    Vector3.new(-1453.7, -56.0, 39.0),
    Vector3.new(-1453.7, -56.0, 41.7),
    Vector3.new(-1453.7, -56.0, 44.3),
    Vector3.new(-1453.7, -56.0, 46.9),
    Vector3.new(-1453.7, -56.0, 49.7),
    Vector3.new(-1453.7, -56.0, 52.4),
    Vector3.new(-1453.7, -56.0, 55.1),
    Vector3.new(-1453.7, -56.0, 57.6),
    Vector3.new(-1453.7, -55.9, 60.3),
    Vector3.new(-1453.7, -55.9, 62.9),
    Vector3.new(-1453.7, -55.9, 65.5),
    Vector3.new(-1453.7, -55.9, 68.2),
    Vector3.new(-1453.7, -55.9, 70.8),
    Vector3.new(-1453.7, -55.9, 73.5),
    Vector3.new(-1453.7, -55.9, 76.1),
    Vector3.new(-1453.7, -55.9, 78.7),
    Vector3.new(-1453.7, -55.9, 84.6),
    Vector3.new(-1453.7, -53.1, 84.6),
    Vector3.new(-1453.7, -50.2, 84.6),
    Vector3.new(-1453.7, -47.6, 84.6),
    Vector3.new(-1453.7, -44.9, 84.6),
    Vector3.new(-1453.7, -42.3, 84.6),
    Vector3.new(-1453.7, -39.5, 84.6),
    Vector3.new(-1453.7, -36.9, 84.6),
    Vector3.new(-1453.7, -34.1, 84.6),
    Vector3.new(-1453.7, -31.5, 84.6),
    Vector3.new(-1453.7, -28.8, 84.6),
    Vector3.new(-1453.7, -26.2, 84.6),
    Vector3.new(-1453.7, -23.4, 84.6),
    Vector3.new(-1453.7, -20.7, 84.6),
    Vector3.new(-1453.7, -18.0, 84.6),
    Vector3.new(-1453.7, -15.4, 84.6),
    Vector3.new(-1453.7, -12.9, 84.6),
    Vector3.new(-1453.7, -10.3, 84.6),
    Vector3.new(-1453.7, -7.6, 84.6),
    Vector3.new(-1453.7, -5.0, 84.6),
    Vector3.new(-1453.7, -2.5, 84.6),
    Vector3.new(-1453.7, 0.2, 84.6),
    Vector3.new(-1453.7, 2.8, 84.6),
    Vector3.new(-1453.7, 5.5, 84.6),
    Vector3.new(-1453.7, 8.3, 84.6),
    Vector3.new(-1453.7, 11.0, 84.6),
    Vector3.new(-1453.7, 13.6, 84.6),
    Vector3.new(-1453.7, 16.2, 84.6),
    Vector3.new(-1453.7, 18.8, 84.6),
    Vector3.new(-1453.7, 21.4, 84.6),
    Vector3.new(-1453.7, 24.0, 84.6),
    Vector3.new(-1453.7, 26.6, 84.6),
    Vector3.new(-1453.7, 29.3, 84.6),
    Vector3.new(-1453.7, 31.8, 84.6),
    Vector3.new(-1453.7, 34.6, 84.6),
    Vector3.new(-1453.7, 37.1, 84.6),
    Vector3.new(-1453.7, 39.8, 84.6),
    Vector3.new(-1453.7, 42.4, 84.6),
    Vector3.new(-1453.7, 45.0, 84.6),
    Vector3.new(-1453.7, 47.5, 84.6),
    Vector3.new(-1453.7, 50.1, 84.6),
    Vector3.new(-1453.7, 52.8, 84.6),
    Vector3.new(-1453.7, 55.4, 84.6),
    Vector3.new(-1453.7, 58.0, 84.6),
    Vector3.new(-1453.7, 60.7, 84.6),
    Vector3.new(-1453.7, 63.4, 84.6),
    Vector3.new(-1453.7, 66.1, 84.6),
    Vector3.new(-1453.7, 68.7, 84.6),
    Vector3.new(-1453.7, 71.3, 84.6),
    Vector3.new(-1453.7, 73.9, 84.6),
    Vector3.new(-1453.7, 76.5, 84.6),
    Vector3.new(-1453.7, 79.2, 84.6),
    Vector3.new(-1453.7, 81.8, 84.6),
    Vector3.new(-1453.7, 84.5, 84.6),
    Vector3.new(-1453.7, 89.3, 84.6),
    Vector3.new(-1453.7, 89.8, 87.6),
    Vector3.new(-1453.8, 90.4, 90.6),
    Vector3.new(-1453.8, 91.1, 94.8),
    Vector3.new(-1450.0, 91.1, 94.2),
    Vector3.new(-1447.3, 91.1, 93.8),
    Vector3.new(-1444.6, 91.1, 93.4),
    Vector3.new(-1434.1, 91.1, 91.7),
    Vector3.new(-1434.1, 95.0, 91.8),
    Vector3.new(-1434.1, 97.6, 91.9),
    Vector3.new(-1434.1, 100.3, 92.0),
    Vector3.new(-1434.1, 102.9, 92.1),
    Vector3.new(-1434.1, 105.6, 92.1),
    Vector3.new(-1434.1, 108.2, 92.2),
    Vector3.new(-1434.1, 110.8, 92.3),
    Vector3.new(-1434.1, 113.4, 92.4),
    Vector3.new(-1434.1, 116.1, 92.5),
    Vector3.new(-1434.1, 118.8, 92.6),
    Vector3.new(-1434.1, 121.5, 92.6),
    Vector3.new(-1434.1, 124.1, 92.7),
    Vector3.new(-1434.1, 126.7, 92.8),
    Vector3.new(-1434.1, 129.4, 92.9),
    Vector3.new(-1434.1, 132.0, 93.0),
    Vector3.new(-1434.1, 134.6, 93.0),
    Vector3.new(-1434.1, 137.3, 93.1),
    Vector3.new(-1434.1, 140.0, 93.2),
    Vector3.new(-1434.1, 142.6, 93.3),
    Vector3.new(-1434.1, 147.2, 93.4),
    Vector3.new(-1434.1, 150.0, 93.5),
    Vector3.new(-1434.0, 152.7, 93.6),
    Vector3.new(-1434.0, 155.3, 93.7),
    Vector3.new(-1434.0, 158.1, 93.8),
    Vector3.new(-1434.0, 160.9, 93.9),
    Vector3.new(-1434.0, 163.6, 93.9),
    Vector3.new(-1434.0, 166.4, 94.0),
    Vector3.new(-1434.0, 169.1, 94.1),
    Vector3.new(-1434.0, 172.6, 94.2),
    Vector3.new(-1434.0, 175.4, 94.3),
    Vector3.new(-1434.0, 178.1, 94.4),
    Vector3.new(-1434.0, 180.9, 94.5),
    Vector3.new(-1434.0, 183.6, 94.6),
    Vector3.new(-1434.0, 186.4, 94.6),
    Vector3.new(-1434.0, 189.2, 94.7),
    Vector3.new(-1434.0, 192.2, 94.8),
    Vector3.new(-1434.0, 194.9, 94.9),
    Vector3.new(-1434.0, 197.7, 95.0),
    Vector3.new(-1434.0, 200.7, 95.1),
    Vector3.new(-1434.0, 203.5, 95.2),
    Vector3.new(-1434.0, 206.3, 95.3),
    Vector3.new(-1434.0, 211.0, 95.4),
    Vector3.new(-1434.1, 212.6, 97.2),
    Vector3.new(-1434.2, 216.1, 101.1),
    Vector3.new(-1435.7, 216.1, 103.5),
    Vector3.new(-1437.2, 216.1, 105.9),
    Vector3.new(-1438.7, 216.1, 108.3),
    Vector3.new(-1440.2, 216.1, 110.8),
    Vector3.new(-1441.8, 216.1, 113.3),
    Vector3.new(-1443.4, 216.1, 115.8),
    Vector3.new(-1444.9, 216.1, 118.2),
    Vector3.new(-1446.4, 216.1, 120.7),
    Vector3.new(-1448.0, 216.1, 123.2),
    Vector3.new(-1449.7, 216.1, 125.9),
    Vector3.new(-1452.7, 216.1, 130.7),
    Vector3.new(-1452.8, 216.6, 133.8),
    Vector3.new(-1452.8, 217.1, 136.9),
    Vector3.new(-1452.9, 217.6, 139.8),
    Vector3.new(-1452.9, 218.1, 142.8),
    Vector3.new(-1453.0, 218.6, 145.7),
    Vector3.new(-1453.0, 219.1, 148.5),
    Vector3.new(-1453.1, 219.6, 151.8),
    Vector3.new(-1453.1, 220.1, 154.7),
    Vector3.new(-1453.2, 220.6, 157.7),
    Vector3.new(-1453.2, 221.1, 160.7),
    Vector3.new(-1453.3, 221.6, 163.7),
    Vector3.new(-1453.3, 222.1, 166.7),
    Vector3.new(-1453.4, 222.6, 169.7),
    Vector3.new(-1453.5, 223.7, 176.3),
    Vector3.new(-1453.6, 223.7, 179.3),
    Vector3.new(-1453.6, 223.8, 182.4),
    Vector3.new(-1453.7, 223.8, 185.6),
    Vector3.new(-1453.7, 223.9, 188.6),
    Vector3.new(-1453.8, 223.9, 191.4),
    Vector3.new(-1453.8, 224.0, 194.3),
    Vector3.new(-1453.9, 224.0, 197.2),
    Vector3.new(-1453.9, 224.1, 200.3),
    Vector3.new(-1454.0, 224.1, 203.2),
    Vector3.new(-1454.0, 224.1, 206.1),
    Vector3.new(-1454.1, 224.2, 209.0),
    Vector3.new(-1454.1, 224.2, 211.9),
    Vector3.new(-1454.2, 224.3, 214.9),
    Vector3.new(-1454.2, 224.3, 217.9),
    Vector3.new(-1454.3, 224.4, 220.9),
    Vector3.new(-1454.3, 224.4, 223.8),
    Vector3.new(-1454.4, 224.5, 229.6),
    Vector3.new(-1454.4, 224.2, 232.7),
    Vector3.new(-1454.4, 223.4, 242.6),
    Vector3.new(-1454.5, 222.7, 251.6),
    Vector3.new(-1454.5, 222.2, 258.4),
    Vector3.new(-1454.5, 221.7, 264.1),
    Vector3.new(-1454.5, 221.2, 270.1),
    Vector3.new(-1454.5, 220.7, 276.0),
    Vector3.new(-1454.5, 220.2, 282.0),
    Vector3.new(-1454.6, 219.7, 288.0),
    Vector3.new(-1454.6, 219.3, 294.0),
    Vector3.new(-1454.6, 218.8, 299.9),
    Vector3.new(-1454.6, 218.3, 305.9),
    Vector3.new(-1454.6, 217.8, 312.2),
    Vector3.new(-1454.7, 217.3, 318.6),
    Vector3.new(-1454.7, 216.7, 325.0),
    Vector3.new(-1454.7, 216.2, 331.3),
    Vector3.new(-1454.7, 215.9, 335.3),
    Vector3.new(-1454.7, 215.9, 341.6),
    Vector3.new(-1454.7, 215.9, 348.1),
    Vector3.new(-1454.7, 215.9, 354.6),
    Vector3.new(-1454.7, 215.9, 361.1),
    Vector3.new(-1454.7, 215.9, 367.6),
    Vector3.new(-1454.7, 215.9, 374.2),
    Vector3.new(-1454.6, 215.9, 387.1),
    Vector3.new(-1454.6, 215.9, 395.5),
    Vector3.new(-1454.6, 215.9, 402.1),
    Vector3.new(-1454.6, 215.9, 408.7),
    Vector3.new(-1454.6, 215.9, 415.7),
    Vector3.new(-1454.6, 215.9, 422.3),
    Vector3.new(-1454.6, 215.9, 428.9),
    Vector3.new(-1454.6, 215.9, 435.6),
    Vector3.new(-1454.6, 215.9, 442.5),
    Vector3.new(-1454.6, 215.9, 448.2),
    Vector3.new(-1454.6, 215.9, 451.4),
    Vector3.new(-1454.6, 215.9, 454.6),
    Vector3.new(-1454.6, 215.9, 457.9),
    Vector3.new(-1454.6, 215.9, 461.5),
    Vector3.new(-1454.6, 215.9, 464.7),
    Vector3.new(-1454.6, 215.9, 467.8),
    Vector3.new(-1454.6, 215.9, 471.1),
    Vector3.new(-1454.6, 215.9, 474.3),
    Vector3.new(-1454.6, 215.9, 477.5),
    Vector3.new(-1454.6, 215.9, 480.7),
    Vector3.new(-1454.5, 215.8, 484.1),
    Vector3.new(-1454.5, 215.8, 489.9),
    Vector3.new(-1454.5, 215.8, 495.0),
    Vector3.new(-1454.5, 215.8, 499.6),
    Vector3.new(-1454.5, 215.8, 504.5),
    Vector3.new(-1454.5, 215.8, 507.8),
    Vector3.new(-1454.5, 215.8, 511.1),
    Vector3.new(-1454.5, 215.8, 514.5),
    Vector3.new(-1454.5, 215.8, 518.0),
    Vector3.new(-1454.5, 215.8, 521.3),
    Vector3.new(-1454.5, 215.8, 524.5),
    Vector3.new(-1454.5, 215.8, 527.8),
    Vector3.new(-1454.5, 215.8, 531.0),
    Vector3.new(-1454.5, 215.8, 534.2),
    Vector3.new(-1454.5, 215.8, 537.5),
    Vector3.new(-1454.5, 215.8, 540.8),
    Vector3.new(-1454.5, 215.8, 544.0),
    Vector3.new(-1454.5, 215.8, 547.4),
    Vector3.new(-1454.5, 215.8, 550.7),
    Vector3.new(-1454.5, 215.8, 553.9),
    Vector3.new(-1454.5, 215.8, 557.2),
    Vector3.new(-1454.5, 215.8, 560.4),
    Vector3.new(-1454.5, 215.8, 563.7),
    Vector3.new(-1454.5, 215.8, 566.8),
    Vector3.new(-1454.5, 215.8, 570.1),
    Vector3.new(-1454.5, 215.8, 573.3),
    Vector3.new(-1454.5, 215.8, 576.6),
    Vector3.new(-1454.4, 215.8, 579.9),
    Vector3.new(-1454.4, 215.8, 583.0),
    Vector3.new(-1454.4, 215.8, 586.3),
    Vector3.new(-1454.4, 215.8, 589.4),
    Vector3.new(-1454.4, 215.8, 592.6),
    Vector3.new(-1454.4, 215.8, 595.8),
    Vector3.new(-1454.4, 215.8, 599.0),
    Vector3.new(-1454.4, 215.8, 602.3),
    Vector3.new(-1454.4, 215.8, 605.6),
    Vector3.new(-1454.4, 215.8, 609.2),
    Vector3.new(-1454.4, 215.8, 612.5),
    Vector3.new(-1454.4, 215.8, 615.8),
    Vector3.new(-1454.4, 215.8, 619.0),
    Vector3.new(-1454.4, 215.8, 622.2),
    Vector3.new(-1454.4, 215.8, 627.4),
    Vector3.new(-1454.4, 218.9, 627.4),
    Vector3.new(-1454.4, 228.4, 627.4),
    Vector3.new(-1454.4, 234.4, 627.4),
    Vector3.new(-1454.4, 240.2, 627.4),
    Vector3.new(-1454.4, 246.0, 627.4),
    Vector3.new(-1454.4, 252.1, 627.4),
    Vector3.new(-1454.4, 258.0, 627.4),
    Vector3.new(-1454.4, 264.1, 627.4),
    Vector3.new(-1454.4, 270.3, 627.4),
    Vector3.new(-1454.4, 276.4, 627.4),
    Vector3.new(-1454.4, 282.4, 627.4),
    Vector3.new(-1454.4, 289.0, 627.4),
    Vector3.new(-1454.4, 295.8, 627.4),
    Vector3.new(-1454.4, 302.0, 627.4),
    Vector3.new(-1454.4, 308.1, 627.4),
    Vector3.new(-1454.4, 314.4, 627.4),
    Vector3.new(-1454.4, 320.9, 627.4),
    Vector3.new(-1454.4, 327.8, 627.4),
    Vector3.new(-1454.4, 334.4, 627.4),
    Vector3.new(-1454.4, 341.0, 627.4),
    Vector3.new(-1454.4, 347.6, 627.4),
    Vector3.new(-1454.4, 354.7, 627.4),
    Vector3.new(-1454.4, 361.3, 627.4),
    Vector3.new(-1454.4, 366.4, 627.4),
    Vector3.new(-1454.5, 365.5, 620.7),
    Vector3.new(-1454.6, 364.6, 614.2),
    Vector3.new(-1454.7, 363.5, 607.0),
    Vector3.new(-1454.8, 362.7, 601.2),
    Vector3.new(-1454.9, 361.9, 595.2),
    Vector3.new(-1455.0, 361.8, 588.8),
    Vector3.new(-1455.0, 361.8, 582.4),
    Vector3.new(-1455.1, 361.7, 575.9),
    Vector3.new(-1455.1, 361.7, 569.8),
    Vector3.new(-1455.2, 361.6, 564.1),
    Vector3.new(-1455.2, 361.6, 558.4),
    Vector3.new(-1455.2, 361.6, 552.8),
    Vector3.new(-1455.3, 361.5, 547.3),
    Vector3.new(-1455.3, 361.5, 541.9),
    Vector3.new(-1455.4, 361.4, 535.6),
    Vector3.new(-1455.4, 361.4, 529.3),
    Vector3.new(-1455.5, 361.3, 523.0),
    Vector3.new(-1455.5, 361.3, 516.6),
    Vector3.new(-1455.6, 361.2, 510.1),
    Vector3.new(-1455.7, 361.1, 502.2),
    Vector3.new(-1455.7, 361.1, 496.5),
    Vector3.new(-1446.8, 361.1, 496.4),
    Vector3.new(-1440.4, 361.1, 496.2),
    Vector3.new(-1434.3, 361.1, 496.1),
    Vector3.new(-1428.1, 361.1, 496.0),
    Vector3.new(-1421.9, 361.1, 495.9),
    Vector3.new(-1414.6, 361.1, 495.8),
    Vector3.new(-1407.8, 361.1, 495.7),
    Vector3.new(-1402.4, 361.1, 495.6),
    Vector3.new(-1399.1, 361.1, 495.5),
    Vector3.new(-1393.5, 361.1, 495.5),
    Vector3.new(-1389.7, 361.1, 495.4),
    Vector3.new(-1386.2, 361.1, 495.3),
    Vector3.new(-1378.6, 361.1, 495.2),
    Vector3.new(-1374.4, 361.1, 495.1),
    Vector3.new(-1370.7, 361.1, 495.1),
    Vector3.new(-1367.2, 361.1, 495.0),
    Vector3.new(-1363.8, 361.1, 495.0),
    Vector3.new(-1360.2, 361.1, 494.9),
    Vector3.new(-1356.8, 361.1, 494.8),
    Vector3.new(-1353.4, 361.1, 494.8),
    Vector3.new(-1348.8, 361.1, 494.7),
    Vector3.new(-1345.2, 361.4, 494.7),
    Vector3.new(-1335.6, 362.3, 494.8),
    Vector3.new(-1327.1, 363.0, 494.8),
    Vector3.new(-1323.8, 361.9, 494.9),
    Vector3.new(-1320.5, 360.8, 494.9),
    Vector3.new(-1317.2, 359.7, 495.0),
    Vector3.new(-1313.9, 358.6, 495.0),
    Vector3.new(-1310.6, 357.5, 495.1),
    Vector3.new(-1307.3, 356.4, 495.2),
    Vector3.new(-1304.0, 355.3, 495.2),
    Vector3.new(-1300.8, 354.2, 495.3),
    Vector3.new(-1297.4, 353.1, 495.3),
    Vector3.new(-1294.1, 352.0, 495.4),
    Vector3.new(-1290.7, 350.9, 495.5),
    Vector3.new(-1287.4, 349.8, 495.5),
    Vector3.new(-1284.1, 348.7, 495.6),
    Vector3.new(-1280.8, 347.6, 495.6),
    Vector3.new(-1277.5, 346.5, 495.7),
    Vector3.new(-1274.1, 345.4, 495.8),
    Vector3.new(-1270.7, 344.2, 495.8),
    Vector3.new(-1267.4, 343.1, 495.9),
    Vector3.new(-1264.0, 342.0, 495.9),
    Vector3.new(-1260.8, 341.0, 496.0),
    Vector3.new(-1257.5, 339.9, 496.1),
    Vector3.new(-1254.2, 338.8, 496.1),
    Vector3.new(-1251.0, 337.7, 496.2),
    Vector3.new(-1247.7, 336.6, 496.2),
    Vector3.new(-1243.8, 335.3, 496.3),
    Vector3.new(-1243.8, 334.0, 499.6),
    Vector3.new(-1243.8, 332.8, 502.9),
    Vector3.new(-1243.8, 331.5, 506.1),
    Vector3.new(-1243.8, 330.3, 509.3),
    Vector3.new(-1243.8, 329.0, 512.8),
    Vector3.new(-1243.8, 327.7, 516.1),
    Vector3.new(-1243.8, 326.5, 519.4),
    Vector3.new(-1243.8, 325.1, 523.0),
    Vector3.new(-1243.8, 323.8, 526.3),
    Vector3.new(-1243.8, 322.6, 529.6),
    Vector3.new(-1243.8, 319.1, 538.7),
    Vector3.new(-1243.8, 317.2, 543.6),
    Vector3.new(-1243.8, 315.9, 547.1),
    Vector3.new(-1243.8, 314.5, 550.7),
    Vector3.new(-1243.8, 313.0, 554.6),
    Vector3.new(-1243.3, 313.9, 558.3),
    Vector3.new(-1242.9, 314.8, 561.8),
    Vector3.new(-1242.4, 315.8, 565.6),
    Vector3.new(-1242.0, 316.6, 569.0),
    Vector3.new(-1241.6, 317.4, 572.4),
    Vector3.new(-1241.2, 318.3, 575.8),
    Vector3.new(-1240.7, 319.2, 579.2),
    Vector3.new(-1240.3, 320.0, 582.6),
    Vector3.new(-1239.9, 320.9, 586.1),
    Vector3.new(-1239.4, 321.7, 589.5),
    Vector3.new(-1239.0, 322.6, 592.9),
    Vector3.new(-1238.6, 323.4, 596.3),
    Vector3.new(-1238.2, 324.3, 599.6),
    Vector3.new(-1237.5, 325.6, 605.0),
    Vector3.new(-1236.4, 326.1, 608.2),
    Vector3.new(-1235.4, 326.6, 611.4),
    Vector3.new(-1234.2, 327.1, 614.7),
    Vector3.new(-1233.1, 327.7, 618.0),
    Vector3.new(-1232.1, 328.2, 621.2),
    Vector3.new(-1231.0, 328.7, 624.4),
    Vector3.new(-1228.8, 329.7, 631.0),
    Vector3.new(-1231.7, 329.7, 640.4),
    Vector3.new(-1233.5, 329.7, 646.5),
    Vector3.new(-1235.4, 329.7, 652.6),
    Vector3.new(-1237.1, 329.7, 658.3),
    Vector3.new(-1239.0, 329.7, 664.2),
    Vector3.new(-1240.8, 329.7, 670.5),
    Vector3.new(-1242.7, 329.7, 676.4),
    Vector3.new(-1245.2, 329.7, 684.7),
    Vector3.new(-1241.6, 330.0, 689.9),
    Vector3.new(-1237.8, 330.3, 695.4),
    Vector3.new(-1233.9, 330.7, 701.1),
    Vector3.new(-1230.1, 331.0, 706.6),
    Vector3.new(-1226.4, 331.3, 712.0),
    Vector3.new(-1223.1, 331.6, 716.7),
    Vector3.new(-1222.9, 332.4, 723.0),
    Vector3.new(-1222.8, 333.2, 729.3),
    Vector3.new(-1222.6, 334.1, 736.1),
    Vector3.new(-1222.4, 335.0, 742.9),
    Vector3.new(-1222.2, 335.9, 749.6),
    Vector3.new(-1222.0, 336.8, 756.3),
    Vector3.new(-1221.8, 337.6, 763.0),
    Vector3.new(-1221.6, 338.5, 769.7),
    Vector3.new(-1221.4, 339.4, 776.4),
    Vector3.new(-1221.3, 340.2, 783.1),
    Vector3.new(-1221.1, 341.1, 789.8),
    Vector3.new(-1220.9, 342.0, 796.6),
    Vector3.new(-1220.7, 342.9, 803.6),
    Vector3.new(-1220.5, 343.8, 810.4),
    Vector3.new(-1220.3, 344.7, 817.1),
    Vector3.new(-1220.1, 345.6, 824.0),
    Vector3.new(-1219.9, 346.5, 831.0),
    Vector3.new(-1219.8, 347.1, 835.8),
    Vector3.new(-1226.7, 347.7, 836.2),
    Vector3.new(-1233.6, 348.3, 836.5),
    Vector3.new(-1239.1, 348.8, 836.8),
    Vector3.new(-1246.3, 349.4, 837.2),
    Vector3.new(-1250.0, 349.9, 837.4),
    Vector3.new(-1253.7, 350.4, 837.5),
    Vector3.new(-1257.5, 350.8, 837.7),
    Vector3.new(-1261.2, 351.3, 837.9),
    Vector3.new(-1264.9, 351.8, 838.1),
    Vector3.new(-1268.7, 352.3, 838.2),
    Vector3.new(-1272.3, 352.8, 838.4),
    Vector3.new(-1276.1, 353.3, 838.6),
    Vector3.new(-1280.0, 353.8, 838.8),
    Vector3.new(-1283.7, 354.3, 838.9),
    Vector3.new(-1287.5, 354.8, 839.1),
    Vector3.new(-1291.2, 355.2, 839.3),
    Vector3.new(-1294.9, 355.7, 839.4),
    Vector3.new(-1298.8, 356.2, 839.6),
    Vector3.new(-1302.9, 356.8, 839.8),
    Vector3.new(-1306.8, 357.3, 840.0),
    Vector3.new(-1310.4, 357.7, 840.2),
    Vector3.new(-1314.3, 358.2, 840.3),
    Vector3.new(-1318.0, 358.7, 840.5),
    Vector3.new(-1321.8, 359.2, 840.7),
    Vector3.new(-1325.6, 359.7, 840.9),
    Vector3.new(-1329.4, 360.2, 841.0),
    Vector3.new(-1333.0, 360.7, 841.2),
    Vector3.new(-1336.8, 361.1, 841.4),
    Vector3.new(-1340.6, 361.7, 841.6),
    Vector3.new(-1344.4, 362.1, 841.7),
    Vector3.new(-1348.1, 362.6, 841.9),
    Vector3.new(-1351.9, 363.1, 842.1),
    Vector3.new(-1355.7, 363.6, 842.3),
    Vector3.new(-1359.8, 364.1, 842.5),
    Vector3.new(-1363.6, 364.6, 842.6),
    Vector3.new(-1369.5, 365.4, 842.9),
    Vector3.new(-1373.2, 364.6, 843.7),
    Vector3.new(-1376.9, 363.8, 844.6),
    Vector3.new(-1380.6, 363.1, 845.4),
    Vector3.new(-1384.1, 362.3, 846.2),
    Vector3.new(-1387.7, 361.6, 847.0),
    Vector3.new(-1391.3, 360.8, 847.8),
    Vector3.new(-1398.2, 359.4, 849.3),
    Vector3.new(-1398.3, 359.9, 845.6),
    Vector3.new(-1398.4, 360.3, 841.9),
    Vector3.new(-1398.6, 360.8, 838.0),
    Vector3.new(-1398.7, 361.3, 834.2),
    Vector3.new(-1398.8, 361.7, 830.4),
    Vector3.new(-1399.0, 362.2, 826.5),
    Vector3.new(-1399.1, 362.7, 822.7),
    Vector3.new(-1399.2, 363.2, 818.9),
    Vector3.new(-1399.3, 363.6, 815.1),
    Vector3.new(-1399.5, 364.1, 811.1),
    Vector3.new(-1399.6, 364.6, 807.2),
    Vector3.new(-1399.7, 365.1, 803.5),
    Vector3.new(-1399.9, 365.5, 799.8),
    Vector3.new(-1400.0, 366.0, 796.1),
    Vector3.new(-1400.1, 366.5, 792.3),
    Vector3.new(-1400.2, 366.9, 788.5),
    Vector3.new(-1400.4, 367.4, 784.7),
    Vector3.new(-1400.5, 367.9, 780.9),
    Vector3.new(-1400.6, 368.4, 777.0),
    Vector3.new(-1400.8, 368.9, 772.3),
    Vector3.new(-1400.9, 369.5, 768.1),
    Vector3.new(-1401.1, 370.0, 764.0),
    Vector3.new(-1401.2, 370.5, 760.0),
    Vector3.new(-1401.3, 370.9, 756.2),
    Vector3.new(-1401.5, 371.4, 752.4),
    Vector3.new(-1401.6, 371.9, 748.5),
    Vector3.new(-1401.7, 372.4, 744.7),
    Vector3.new(-1401.8, 372.8, 740.8),
    Vector3.new(-1402.0, 373.3, 736.8),
    Vector3.new(-1402.4, 374.9, 724.3),
    Vector3.new(-1402.4, 379.0, 724.3),
    Vector3.new(-1402.4, 383.0, 724.3),
    Vector3.new(-1402.4, 386.9, 724.3),
    Vector3.new(-1402.4, 390.8, 724.3),
    Vector3.new(-1402.4, 394.7, 724.3),
    Vector3.new(-1402.4, 398.5, 724.3),
    Vector3.new(-1402.4, 402.5, 724.3),
    Vector3.new(-1402.4, 406.4, 724.3),
    Vector3.new(-1402.4, 410.2, 724.3),
    Vector3.new(-1402.4, 414.2, 724.3),
    Vector3.new(-1402.4, 418.2, 724.3),
    Vector3.new(-1402.4, 422.1, 724.3),
    Vector3.new(-1402.4, 426.0, 724.3),
    Vector3.new(-1402.4, 430.0, 724.3),
    Vector3.new(-1402.4, 433.8, 724.3),
    Vector3.new(-1402.4, 437.8, 724.3),
    Vector3.new(-1402.4, 441.7, 724.3),
    Vector3.new(-1402.4, 445.6, 724.3),
    Vector3.new(-1402.4, 449.6, 724.3),
    Vector3.new(-1402.4, 453.5, 724.3),
    Vector3.new(-1402.4, 457.4, 724.3),
    Vector3.new(-1402.4, 461.5, 724.3),
    Vector3.new(-1402.4, 465.4, 724.3),
    Vector3.new(-1402.4, 469.6, 724.3),
    Vector3.new(-1402.4, 473.8, 724.3),
    Vector3.new(-1402.4, 477.7, 724.3),
    Vector3.new(-1402.4, 481.6, 724.3),
    Vector3.new(-1402.4, 485.5, 724.3),
    Vector3.new(-1402.4, 489.3, 724.3),
    Vector3.new(-1402.4, 493.2, 724.3),
    Vector3.new(-1402.4, 497.3, 724.3),
    Vector3.new(-1402.4, 501.2, 724.3),
    Vector3.new(-1402.4, 505.5, 724.3),
    Vector3.new(-1402.4, 509.6, 724.3),
    Vector3.new(-1402.4, 513.7, 724.3),
    Vector3.new(-1402.4, 517.7, 724.3),
    Vector3.new(-1402.4, 521.7, 724.3),
    Vector3.new(-1402.4, 525.7, 724.3),
    Vector3.new(-1402.4, 529.7, 724.3),
    Vector3.new(-1402.4, 533.7, 724.3),
    Vector3.new(-1402.4, 537.7, 724.3),
    Vector3.new(-1402.4, 541.7, 724.3),
    Vector3.new(-1402.4, 545.7, 724.3),
    Vector3.new(-1402.4, 549.7, 724.3),
    Vector3.new(-1402.4, 553.7, 724.3),
    Vector3.new(-1402.4, 557.6, 724.3),
    Vector3.new(-1402.4, 564.1, 724.3),
    Vector3.new(-1402.6, 561.4, 727.2),
    Vector3.new(-1402.8, 558.7, 730.1),
    Vector3.new(-1403.1, 556.0, 733.0),
    Vector3.new(-1403.3, 553.3, 735.9),
    Vector3.new(-1403.5, 550.6, 738.8),
    Vector3.new(-1403.7, 547.8, 741.8),
    Vector3.new(-1404.0, 545.2, 744.7),
    Vector3.new(-1404.2, 542.1, 748.0),
    Vector3.new(-1404.5, 539.1, 751.2),
    Vector3.new(-1404.9, 533.9, 756.8),
    Vector3.new(-1404.7, 533.9, 760.8),
    Vector3.new(-1404.5, 533.9, 764.8),
    Vector3.new(-1404.4, 533.9, 768.8),
    Vector3.new(-1404.2, 533.9, 772.7),
    Vector3.new(-1404.0, 533.9, 776.7),
    Vector3.new(-1403.8, 533.9, 780.7),
    Vector3.new(-1403.6, 533.9, 785.8),
    Vector3.new(-1406.6, 533.9, 788.6),
    Vector3.new(-1409.5, 533.9, 791.3),
    Vector3.new(-1412.3, 533.9, 794.0),
    Vector3.new(-1415.2, 533.9, 796.7),
    Vector3.new(-1418.1, 533.9, 799.5),
    Vector3.new(-1421.0, 533.9, 802.2),
    Vector3.new(-1423.9, 533.9, 804.9),
    Vector3.new(-1426.8, 533.9, 807.6),
    Vector3.new(-1429.7, 533.9, 810.3),
    Vector3.new(-1432.5, 533.9, 813.0),
    Vector3.new(-1435.4, 533.9, 815.7),
    Vector3.new(-1439.4, 533.9, 819.5),
    Vector3.new(-1442.4, 533.9, 822.3),
    Vector3.new(-1445.3, 533.9, 825.0),
    Vector3.new(-1448.2, 533.9, 827.7),
    Vector3.new(-1451.0, 533.9, 830.4),
    Vector3.new(-1454.1, 533.9, 833.2),
    Vector3.new(-1457.0, 533.9, 836.0),
    Vector3.new(-1459.9, 533.9, 838.7),
    Vector3.new(-1462.9, 533.9, 841.5),
    Vector3.new(-1465.7, 533.9, 844.2),
    Vector3.new(-1468.6, 533.9, 846.9),
    Vector3.new(-1471.5, 533.9, 849.6),
    Vector3.new(-1474.4, 533.9, 852.3),
    Vector3.new(-1477.4, 533.9, 855.1),
    Vector3.new(-1480.4, 533.9, 857.9),
    Vector3.new(-1483.3, 533.9, 860.7),
    Vector3.new(-1486.2, 533.9, 863.4),
    Vector3.new(-1489.2, 533.9, 866.2),
    Vector3.new(-1492.2, 533.9, 869.0),
    Vector3.new(-1495.1, 533.9, 871.8),
    Vector3.new(-1498.0, 533.9, 874.5),
    Vector3.new(-1500.9, 533.9, 877.2),
    Vector3.new(-1503.9, 533.9, 880.0),
    Vector3.new(-1506.8, 533.9, 882.8),
    Vector3.new(-1509.8, 533.9, 885.6),
    Vector3.new(-1512.7, 533.9, 888.3),
    Vector3.new(-1515.6, 533.9, 891.0),
    Vector3.new(-1518.4, 533.9, 893.7),
    Vector3.new(-1521.4, 533.9, 896.5),
    Vector3.new(-1524.2, 533.9, 899.2),
    Vector3.new(-1527.3, 533.9, 902.0),
    Vector3.new(-1530.2, 533.9, 904.8),
    Vector3.new(-1533.2, 533.9, 907.6),
    Vector3.new(-1536.1, 533.9, 910.3),
    Vector3.new(-1539.1, 533.9, 913.1),
    Vector3.new(-1542.3, 533.9, 916.1),
    Vector3.new(-1545.2, 533.9, 918.9),
    Vector3.new(-1548.3, 533.9, 921.8),
    Vector3.new(-1551.2, 533.9, 924.5),
    Vector3.new(-1554.1, 533.9, 927.3),
    Vector3.new(-1557.1, 533.9, 930.1),
    Vector3.new(-1560.0, 533.9, 932.8),
    Vector3.new(-1563.0, 533.9, 935.6),
    Vector3.new(-1566.4, 533.9, 938.7),
    Vector3.new(-1569.3, 533.9, 941.5),
    Vector3.new(-1572.4, 533.9, 944.4),
    Vector3.new(-1575.3, 533.9, 947.1),
    Vector3.new(-1578.2, 533.9, 949.9),
    Vector3.new(-1581.2, 533.9, 952.6),
    Vector3.new(-1584.1, 533.9, 955.4),
    Vector3.new(-1587.0, 533.9, 958.2),
    Vector3.new(-1589.9, 533.9, 960.9),
    Vector3.new(-1592.9, 533.9, 963.7),
    Vector3.new(-1595.8, 533.9, 966.4),
    Vector3.new(-1598.7, 533.9, 969.1),
    Vector3.new(-1601.6, 533.9, 971.9),
    Vector3.new(-1604.6, 533.9, 974.7),
    Vector3.new(-1607.5, 533.9, 977.4),
    Vector3.new(-1610.4, 533.9, 980.2),
    Vector3.new(-1613.3, 533.9, 982.9),
    Vector3.new(-1616.2, 533.9, 985.6),
    Vector3.new(-1619.1, 533.9, 988.3),
    Vector3.new(-1622.1, 533.9, 991.1),
    Vector3.new(-1625.0, 533.9, 993.9),
    Vector3.new(-1628.0, 533.9, 996.6),
    Vector3.new(-1630.8, 533.9, 999.3),
    Vector3.new(-1633.8, 533.9, 1002.1),
    Vector3.new(-1636.7, 533.9, 1004.8),
    Vector3.new(-1639.6, 533.9, 1007.6),
    Vector3.new(-1642.5, 533.9, 1010.3),
    Vector3.new(-1645.4, 533.9, 1013.0),
    Vector3.new(-1648.6, 533.9, 1016.0),
    Vector3.new(-1654.1, 533.9, 1021.2),
    Vector3.new(-1651.5, 533.9, 1024.2),
    Vector3.new(-1648.8, 533.9, 1027.3),
    Vector3.new(-1642.8, 533.9, 1034.2),
    Vector3.new(-1638.7, 533.9, 1038.8),
    Vector3.new(-1634.7, 533.9, 1043.4),
    Vector3.new(-1630.7, 533.9, 1048.0),
    Vector3.new(-1626.7, 533.9, 1052.5),
    Vector3.new(-1622.7, 533.9, 1057.1),
    Vector3.new(-1618.6, 533.9, 1061.9),
    Vector3.new(-1614.4, 533.9, 1066.6),
    Vector3.new(-1610.3, 533.9, 1071.4),
    Vector3.new(-1606.1, 533.9, 1076.1),
    Vector3.new(-1601.6, 533.9, 1081.3),
    Vector3.new(-1597.0, 533.9, 1086.6),
    Vector3.new(-1592.7, 533.9, 1091.4),
    Vector3.new(-1588.4, 533.9, 1096.4),
    Vector3.new(-1584.0, 533.9, 1101.4),
    Vector3.new(-1578.6, 533.9, 1107.6),
    Vector3.new(-1574.0, 533.9, 1112.8),
    Vector3.new(-1569.3, 533.9, 1118.2),
    Vector3.new(-1564.6, 533.9, 1123.6),
    Vector3.new(-1560.2, 533.9, 1128.7),
    Vector3.new(-1555.7, 533.9, 1133.9),
    Vector3.new(-1551.0, 533.9, 1139.2),
    Vector3.new(-1546.1, 533.9, 1144.9),
    Vector3.new(-1541.2, 533.9, 1150.4),
    Vector3.new(-1536.3, 533.9, 1156.0),
    Vector3.new(-1531.4, 533.9, 1161.6),
    Vector3.new(-1526.6, 533.9, 1167.1),
    Vector3.new(-1521.5, 533.9, 1172.9),
    Vector3.new(-1516.7, 533.9, 1178.5),
    Vector3.new(-1511.8, 533.9, 1184.1),
    Vector3.new(-1506.8, 533.9, 1189.7),
    Vector3.new(-1502.1, 533.9, 1195.2),
    Vector3.new(-1497.1, 533.9, 1200.8),
    Vector3.new(-1492.1, 533.9, 1206.5),
    Vector3.new(-1488.6, 533.9, 1210.6),
    Vector3.new(-1485.8, 533.9, 1213.8),
    Vector3.new(-1483.0, 533.9, 1217.0),
    Vector3.new(-1480.2, 533.9, 1220.2),
    Vector3.new(-1477.5, 533.9, 1223.3),
    Vector3.new(-1474.8, 533.9, 1226.4),
    Vector3.new(-1472.1, 533.9, 1229.5),
    Vector3.new(-1469.3, 533.9, 1232.6),
    Vector3.new(-1466.3, 533.9, 1236.1),
    Vector3.new(-1463.3, 533.9, 1239.6),
    Vector3.new(-1460.5, 533.9, 1242.7),
    Vector3.new(-1457.8, 533.9, 1245.8),
    Vector3.new(-1455.0, 533.9, 1249.0),
    Vector3.new(-1452.4, 533.9, 1252.1),
    Vector3.new(-1449.6, 533.9, 1255.2),
    Vector3.new(-1446.8, 533.9, 1258.4),
    Vector3.new(-1444.1, 533.9, 1261.5),
    Vector3.new(-1441.4, 533.9, 1264.6),
    Vector3.new(-1438.6, 533.9, 1267.8),
    Vector3.new(-1435.9, 533.9, 1270.9),
    Vector3.new(-1433.1, 533.9, 1274.1),
    Vector3.new(-1430.5, 533.9, 1277.1),
    Vector3.new(-1427.6, 533.9, 1280.4),
    Vector3.new(-1424.8, 533.9, 1283.6),
    Vector3.new(-1422.1, 533.9, 1286.7),
    Vector3.new(-1419.3, 533.9, 1289.9),
    Vector3.new(-1416.5, 533.9, 1293.1),
    Vector3.new(-1413.8, 533.9, 1296.2),
    Vector3.new(-1411.0, 533.9, 1299.4),
    Vector3.new(-1405.5, 533.9, 1305.7),
    Vector3.new(-1408.5, 533.6, 1308.7),
    Vector3.new(-1411.5, 533.3, 1311.7),
    Vector3.new(-1414.5, 533.0, 1314.6),
    Vector3.new(-1417.4, 532.7, 1317.6),
    Vector3.new(-1420.3, 532.5, 1320.5),
    Vector3.new(-1423.3, 532.2, 1323.4),
    Vector3.new(-1426.3, 531.9, 1326.4),
    Vector3.new(-1429.3, 531.6, 1329.4),
    Vector3.new(-1429.3, 533.9, 1329.4)
}
