local Waypoints = {
    Vector3.new(-1455.2, -158.0, -999.9),
    Vector3.new(-1455.2, -158.0, -997.3),
    Vector3.new(-1455.2, -158.0, -994.0),
    Vector3.new(-1455.2, -158.1, -990.6),
    Vector3.new(-1455.2, -158.1, -987.3),
    Vector3.new(-1455.3, -158.2, -981.0),
    Vector3.new(-1455.3, -158.2, -975.9),
    Vector3.new(-1455.3, -158.3, -970.8),
    Vector3.new(-1455.3, -158.3, -965.6),
    Vector3.new(-1455.3, -158.4, -960.5),
    Vector3.new(-1455.4, -158.5, -955.2),
    Vector3.new(-1455.4, -158.5, -950.0),
    Vector3.new(-1455.4, -158.6, -944.6),
    Vector3.new(-1455.4, -158.6, -939.3),
    Vector3.new(-1455.5, -158.7, -933.8),
    Vector3.new(-1455.5, -158.8, -928.5),
    Vector3.new(-1455.5, -158.8, -924.8),
    Vector3.new(-1455.5, -158.8, -921.4),
    Vector3.new(-1455.5, -158.9, -918.0),
    Vector3.new(-1455.6, -158.9, -914.7),
    Vector3.new(-1455.6, -158.9, -912.4),
    Vector3.new(-1455.6, -159.0, -908.9),
    Vector3.new(-1455.6, -159.0, -905.4),
    Vector3.new(-1455.6, -159.0, -903.4),
    Vector3.new(-1455.6, -159.1, -900.1),
    Vector3.new(-1455.6, -159.1, -898.1),
    Vector3.new(-1455.6, -159.1, -894.6),
    Vector3.new(-1455.7, -159.1, -892.6),
    Vector3.new(-1455.7, -159.2, -889.2),
    Vector3.new(-1455.7, -159.2, -885.7),
    Vector3.new(-1455.7, -159.3, -882.3),
    Vector3.new(-1455.7, -159.3, -880.2),
    Vector3.new(-1455.7, -159.3, -878.1),
    Vector3.new(-1455.7, -159.3, -876.0),
    Vector3.new(-1455.7, -159.3, -874.0),
    Vector3.new(-1455.7, -159.4, -872.0),
    Vector3.new(-1455.8, -159.4, -869.9),
    Vector3.new(-1455.8, -159.4, -867.8),
    Vector3.new(-1455.8, -159.4, -865.7),
    Vector3.new(-1455.8, -159.5, -860.3),
    Vector3.new(-1453.7, -159.5, -861.4),
    Vector3.new(-1450.5, -159.5, -863.0),
    Vector3.new(-1448.7, -159.5, -864.0),
    Vector3.new(-1446.8, -159.5, -865.0),
    Vector3.new(-1444.9, -159.5, -865.9),
    Vector3.new(-1443.1, -159.5, -866.9),
    Vector3.new(-1441.2, -159.5, -867.9),
    Vector3.new(-1436.7, -159.5, -870.2),
    Vector3.new(-1436.4, -159.3, -868.1),
    Vector3.new(-1436.1, -159.1, -865.9),
    Vector3.new(-1435.8, -158.9, -863.8),
    Vector3.new(-1435.5, -158.7, -861.8),
    Vector3.new(-1435.3, -158.6, -859.8),
    Vector3.new(-1435.0, -158.4, -857.7),
    Vector3.new(-1434.7, -158.2, -855.7),
    Vector3.new(-1434.4, -158.0, -853.3),
    Vector3.new(-1434.1, -157.8, -851.3),
    Vector3.new(-1433.8, -157.6, -849.2),
    Vector3.new(-1433.5, -157.4, -847.0),
    Vector3.new(-1433.2, -157.2, -844.9),
    Vector3.new(-1432.9, -157.0, -842.6),
    Vector3.new(-1432.6, -156.8, -840.2),
    Vector3.new(-1432.3, -156.6, -838.0),
    Vector3.new(-1431.7, -156.2, -833.8),
    Vector3.new(-1431.7, -155.5, -831.6),
    Vector3.new(-1431.7, -154.8, -829.2),
    Vector3.new(-1431.7, -154.1, -827.2),
    Vector3.new(-1431.6, -153.4, -825.0),
    Vector3.new(-1431.6, -152.8, -822.9),
    Vector3.new(-1431.6, -152.1, -820.8),
    Vector3.new(-1431.6, -151.5, -818.8),
    Vector3.new(-1431.6, -150.8, -816.6),
    Vector3.new(-1431.6, -150.2, -814.6),
    Vector3.new(-1431.6, -149.5, -812.5),
    Vector3.new(-1431.6, -148.8, -810.3),
    Vector3.new(-1431.5, -148.2, -808.2),
    Vector3.new(-1431.5, -147.4, -805.8),
    Vector3.new(-1431.5, -146.8, -803.8),
    Vector3.new(-1431.5, -146.1, -801.8),
    Vector3.new(-1431.5, -145.5, -799.7),
    Vector3.new(-1431.5, -144.8, -797.6),
    Vector3.new(-1431.5, -144.2, -795.5),
    Vector3.new(-1431.5, -143.5, -793.5),
    Vector3.new(-1431.5, -142.9, -791.4),
    Vector3.new(-1431.4, -142.2, -789.3),
    Vector3.new(-1431.4, -141.5, -787.0),
    Vector3.new(-1431.4, -140.9, -785.0),
    Vector3.new(-1431.4, -140.2, -782.9),
    Vector3.new(-1431.4, -139.6, -780.9),
    Vector3.new(-1431.4, -138.9, -778.8),
    Vector3.new(-1431.4, -138.3, -776.7),
    Vector3.new(-1431.4, -137.6, -774.6),
    Vector3.new(-1431.3, -137.0, -772.6),
    Vector3.new(-1431.3, -136.3, -770.6),
    Vector3.new(-1431.3, -135.7, -768.6),
    Vector3.new(-1431.3, -135.1, -766.6),
    Vector3.new(-1431.3, -134.4, -764.5),
    Vector3.new(-1431.3, -133.8, -762.4),
    Vector3.new(-1431.3, -133.1, -760.3),
    Vector3.new(-1431.3, -132.5, -758.3),
    Vector3.new(-1431.2, -131.8, -756.0),
    Vector3.new(-1431.2, -131.1, -754.0),
    Vector3.new(-1431.2, -130.5, -752.0),
    Vector3.new(-1431.2, -129.8, -749.9),
    Vector3.new(-1431.2, -129.2, -747.9),
    Vector3.new(-1431.2, -128.5, -745.8),
    Vector3.new(-1431.2, -127.9, -743.8),
    Vector3.new(-1431.2, -127.3, -741.7),
    Vector3.new(-1431.1, -126.6, -739.6),
    Vector3.new(-1431.1, -125.9, -737.5),
    Vector3.new(-1431.1, -124.2, -732.0),
    Vector3.new(-1431.1, -123.6, -730.0),
    Vector3.new(-1431.1, -122.9, -727.9),
    Vector3.new(-1431.1, -122.3, -725.9),
    Vector3.new(-1431.1, -121.6, -723.8),
    Vector3.new(-1431.1, -120.9, -721.6),
    Vector3.new(-1431.1, -120.3, -719.6),
    Vector3.new(-1431.1, -119.7, -717.5),
    Vector3.new(-1431.1, -119.0, -715.5),
    Vector3.new(-1431.1, -118.3, -713.3),
    Vector3.new(-1431.1, -117.7, -711.3),
    Vector3.new(-1431.1, -117.0, -709.2),
    Vector3.new(-1431.1, -116.4, -707.2),
    Vector3.new(-1431.1, -115.8, -705.2),
    Vector3.new(-1431.1, -115.1, -703.1),
    Vector3.new(-1431.1, -114.5, -701.0),
    Vector3.new(-1431.1, -113.7, -698.7),
    Vector3.new(-1431.1, -113.1, -696.6),
    Vector3.new(-1431.1, -112.4, -694.4),
    Vector3.new(-1431.1, -111.7, -692.3),
    Vector3.new(-1431.1, -111.1, -690.2),
    Vector3.new(-1431.1, -110.4, -688.1),
    Vector3.new(-1431.1, -109.8, -686.0),
    Vector3.new(-1431.1, -109.1, -683.9),
    Vector3.new(-1431.1, -108.4, -681.8),
    Vector3.new(-1431.2, -107.8, -679.7),
    Vector3.new(-1431.2, -107.1, -677.6),
    Vector3.new(-1431.2, -106.5, -675.6),
    Vector3.new(-1431.2, -105.8, -673.5),
    Vector3.new(-1431.2, -105.2, -671.4),
    Vector3.new(-1431.2, -104.5, -669.3),
    Vector3.new(-1431.2, -103.8, -667.2),
    Vector3.new(-1431.2, -103.2, -665.1),
    Vector3.new(-1431.2, -102.4, -662.7),
    Vector3.new(-1431.2, -101.7, -660.4),
    Vector3.new(-1431.2, -101.0, -658.3),
    Vector3.new(-1431.2, -100.4, -656.1),
    Vector3.new(-1431.2, -99.7, -654.0),
    Vector3.new(-1431.2, -99.0, -651.9),
    Vector3.new(-1431.2, -98.4, -649.8),
    Vector3.new(-1431.2, -97.7, -647.7),
    Vector3.new(-1431.2, -97.1, -645.6),
    Vector3.new(-1431.2, -96.4, -643.5),
    Vector3.new(-1431.2, -95.7, -641.4),
    Vector3.new(-1431.2, -95.1, -639.3),
    Vector3.new(-1431.2, -94.4, -637.2),
    Vector3.new(-1431.2, -93.7, -635.0),
    Vector3.new(-1431.2, -92.5, -631.1),
    Vector3.new(-1431.1, -91.9, -628.7),
    Vector3.new(-1431.0, -91.4, -626.6),
    Vector3.new(-1430.9, -90.9, -624.4),
    Vector3.new(-1430.8, -90.3, -622.2),
    Vector3.new(-1430.8, -89.8, -620.0),
    Vector3.new(-1430.7, -89.2, -617.7),
    Vector3.new(-1430.6, -88.6, -615.2),
    Vector3.new(-1430.4, -87.9, -612.4),
    Vector3.new(-1430.4, -87.4, -610.1),
    Vector3.new(-1430.3, -86.9, -607.9),
    Vector3.new(-1430.2, -86.3, -605.7),
    Vector3.new(-1430.1, -85.8, -603.5),
    Vector3.new(-1430.0, -85.3, -601.3),
    Vector3.new(-1429.9, -84.7, -599.1),
    Vector3.new(-1429.8, -84.2, -596.9),
    Vector3.new(-1429.7, -83.7, -594.7),
    Vector3.new(-1429.6, -83.1, -592.6),
    Vector3.new(-1429.5, -82.5, -589.8),
    Vector3.new(-1429.4, -82.0, -587.7),
    Vector3.new(-1429.4, -81.4, -585.5),
    Vector3.new(-1429.1, -79.9, -579.2),
    Vector3.new(-1428.9, -78.6, -573.9),
    Vector3.new(-1428.7, -77.3, -568.8),
    Vector3.new(-1428.5, -76.0, -563.4),
    Vector3.new(-1428.2, -74.7, -557.8),
    Vector3.new(-1428.0, -73.3, -552.1),
    Vector3.new(-1427.8, -71.9, -546.5),
    Vector3.new(-1427.4, -69.9, -538.0),
    Vector3.new(-1427.2, -68.4, -532.0),
    Vector3.new(-1432.2, -68.4, -529.1),
    Vector3.new(-1437.3, -68.4, -526.2),
    Vector3.new(-1442.4, -68.4, -523.3),
    Vector3.new(-1447.4, -68.4, -520.4),
    Vector3.new(-1455.0, -68.4, -516.1),
    Vector3.new(-1460.5, -68.9, -516.1),
    Vector3.new(-1463.4, -69.1, -516.1),
    Vector3.new(-1465.8, -69.3, -516.1),
    Vector3.new(-1468.5, -69.5, -516.2),
    Vector3.new(-1470.8, -69.7, -516.2),
    Vector3.new(-1473.3, -69.9, -516.2),
    Vector3.new(-1475.7, -70.1, -516.2),
    Vector3.new(-1481.1, -70.6, -516.2),
    Vector3.new(-1481.1, -68.5, -516.2)
}
