local Waypoints = {
    Vector3.new(-1455.7, -158.0, -996.1),
    Vector3.new(-1454.7, -159.6, -867.6),
    Vector3.new(-1435.6, -159.6, -867.7),
    Vector3.new(-1430.2, -156.3, -833.8),
    Vector3.new(-1430.6, -125.3, -735.0),
    Vector3.new(-1432.4, -91.9, -628.9),
    Vector3.new(-1428.5, -68.4, -541.0),
    Vector3.new(-1428.5, -68.5, -526.9),
    Vector3.new(-1455.3, -68.5, -527.2),
    Vector3.new(-1455.3, -68.5, -519.6),
    Vector3.new(-1454.3, -69.0, -441.9),
    Vector3.new(-1454.5, -57.3, -393.7),
    Vector3.new(-1452.8, -56.0, -340.9),
    Vector3.new(-1453.8, -56.0, -270.7),
    Vector3.new(-1452.8, -56.0, -102.4),
    Vector3.new(-1454.6, -56.2, -15.1),
    Vector3.new(-1452.9, -55.9, 84.2),
    Vector3.new(-1452.9, 85.9, 84.2),
    Vector3.new(-1454.1, 91.0, 95.3),
    Vector3.new(-1434.3, 91.0, 95.3),
    Vector3.new(-1433.4, 215.0, 95.3),
    Vector3.new(-1434.3, 216.0, 107.3),
    Vector3.new(-1453.3, 216.0, 135.9),
    Vector3.new(-1453.4, 216.4, 148.9),
    Vector3.new(-1452.9, 223.7, 176.3),
    Vector3.new(-1455.3, 223.0, 234.9),
    Vector3.new(-1455.3, 216.0, 264.5),
    Vector3.new(-1455.3, 215.8, 329.2),
    Vector3.new(-1453.5, 215.8, 377.1),
    Vector3.new(-1454.8, 215.5, 626.8),
    Vector3.new(-1454.8, 366.9, 626.8),
    Vector3.new(-1454.2, 361.8, 604.8),
    Vector3.new(-1456.7, 361.8, 581.6),
    Vector3.new(-1456.4, 361.0, 514.3),
    Vector3.new(-1455.7, 361.0, 493.6),
    Vector3.new(-1432.9, 361.0, 496.6),
    Vector3.new(-1367.6, 359.6, 497.7),
    Vector3.new(-1327.6, 362.6, 492.4),
    Vector3.new(-1263.1, 332.8, 494.1),
    Vector3.new(-1242.9, 335.7, 494.6),
    Vector3.new(-1242.9, 314.1, 559.3),
    Vector3.new(-1237.0, 325.6, 605.3),
    Vector3.new(-1228.1, 329.6, 633.0),
    Vector3.new(-1246.1, 329.6, 687.7),
    Vector3.new(-1222.3, 332.1, 719.7),
    Vector3.new(-1221.2, 336.3, 757.3),
    Vector3.new(-1219.3, 347.0, 835.7),
    Vector3.new(-1247.1, 349.6, 837.7),
    Vector3.new(-1284.6, 353.9, 839.5),
    Vector3.new(-1371.0, 365.4, 842.5),
    Vector3.new(-1402.2, 360.0, 844.8),
    Vector3.new(-1398.2, 363.1, 816.4),
    Vector3.new(-1401.7, 369.3, 767.1),
    Vector3.new(-1405.2, 374.8, 724.1),
    Vector3.new(-1406.0, 535.2, 724.5),
    Vector3.new(-1405.5, 533.8, 760.6),
    Vector3.new(-1404.6, 533.8, 787.8),
    Vector3.new(-1654.2, 533.8, 1013.8),
    Vector3.new(-1408.0, 533.8, 1304.6),
    Vector3.new(-1407.5, 533.8, 1332.7),
    Vector3.new(-1395.4, 549.9, 1485.6),
    Vector3.new(-1456.8, 509.8, 1446.4),
    Vector3.new(-1605.0, 509.8, 1445.9),
    Vector3.new(-1851.6, 509.8, 1446.4),
    Vector3.new(-2034.7, 509.8, 1445.5),
    Vector3.new(-2040.5, 443.8, 1452.8),
    Vector3.new(-2048.9, 443.8, 1463.1),
    Vector3.new(-2051.0, 443.8, 1485.6),
    Vector3.new(-2062.2, 443.8, 1487.0),
    Vector3.new(-2137.2, 443.9, 1485.8),
    Vector3.new(-2169.1, 452.4, 1488.6),
    Vector3.new(-2288.1, 439.8, 1488.6),
    Vector3.new(-2311.0, 440.4, 1488.2),
    Vector3.new(-2341.7, 448.6, 1487.4),
    Vector3.new(-2363.0, 448.8, 1486.8),
    Vector3.new(-2381.7, 448.5, 1486.3),
    Vector3.new(-2417.0, 439.8, 1485.4),
    Vector3.new(-2455.9, 440.0, 1487.4),
    Vector3.new(-2480.0, 444.6, 1486.7),
    Vector3.new(-2499.5, 448.2, 1486.2),
    Vector3.new(-2516.3, 454.0, 1485.8),
    Vector3.new(-2527.8, 458.3, 1485.5),
    Vector3.new(-2536.8, 461.6, 1485.2),
    Vector3.new(-2546.8, 465.4, 1485.0),
    Vector3.new(-2672.3, 443.8, 1485.9),
    Vector3.new(-2700.2, 444.2, 1486.6),
    Vector3.new(-2730.0, 452.1, 1487.3),
    Vector3.new(-2856.9, 469.3, 1490.7),
    Vector3.new(-2857.3, 535.7, 1488.8),
    Vector3.new(-2931.0, 544.6, 1485.0),
    Vector3.new(-3015.2, 617.9, 1483.6),
    Vector3.new(-3023.0, 678.1, 1484.1),
    Vector3.new(-3064.3, 673.3, 1486.2),
    Vector3.new(-3214.9, 673.3, 1487.5),
    Vector3.new(-3242.4, 673.3, 1486.2),
    Vector3.new(-3618.9, 620.9, 1486.0),
    Vector3.new(-3644.1, 617.6, 1486.2),
    Vector3.new(-3655.8, 617.6, 1486.3),
    Vector3.new(-4129.0, 617.6, 1485.6),
    Vector3.new(-4172.7, 617.4, 1469.5),
    Vector3.new(-4175.2, 618.0, 1496.4),
    Vector3.new(-4358.7, 617.7, 1548.5),
    Vector3.new(-4395.1, 617.3, 1552.0),
    Vector3.new(-4592.5, 617.5, 1444.4),
    Vector3.new(-4630.2, 617.3, 1442.4),
    Vector3.new(-4806.2, 617.7, 1554.4),
    Vector3.new(-4844.0, 617.1, 1547.0),
    Vector3.new(-4934.1, 617.0, 1501.0),
    Vector3.new(-4932.6, 615.5, 1484.9),
    Vector3.new(-4946.1, 617.6, 1485.6),
    Vector3.new(-4964.2, 617.6, 1486.6),
    Vector3.new(-5043.8, 618.2, 1486.2),
    Vector3.new(-5073.6, 626.0, 1486.0),
    Vector3.new(-5170.8, 627.2, 1486.6),
    Vector3.new(-5173.1, 677.3, 1486.6),
    Vector3.new(-5222.9, 676.9, 1486.6),
    Vector3.new(-5254.0, 685.1, 1486.6),
    Vector3.new(-5351.0, 688.6, 1489.6),
    Vector3.new(-5351.2, 729.9, 1489.7),
    Vector3.new(-5355.8, 735.4, 1488.7),
    Vector3.new(-5401.8, 735.7, 1490.2),
    Vector3.new(-5432.5, 743.8, 1491.0),
    Vector3.new(-5530.8, 753.0, 1488.3),
    Vector3.new(-5531.6, 794.0, 1488.3),
    Vector3.new(-5537.3, 794.6, 1487.8),
    Vector3.new(-5583.6, 795.1, 1488.0),
    Vector3.new(-5608.1, 801.6, 1487.6),
    Vector3.new(-5711.1, 805.6, 1484.5),
    Vector3.new(-5711.3, 852.4, 1484.5),
    Vector3.new(-5720.8, 852.7, 1484.5),
    Vector3.new(-5740.4, 852.7, 1484.5),
    Vector3.new(-5739.1, 854.5, 1458.8)
}
