local Waypoints = {
    Vector3.new(-1455.1, -158.0, -999.5),
    Vector3.new(-1455.1, -158.0, -997.3),
    Vector3.new(-1455.1, -158.0, -995.3),
    Vector3.new(-1455.1, -158.1, -991.7),
    Vector3.new(-1455.1, -158.1, -988.2),
    Vector3.new(-1455.1, -158.1, -986.1),
    Vector3.new(-1455.2, -158.2, -978.2),
    Vector3.new(-1455.2, -158.3, -972.9),
    Vector3.new(-1455.2, -158.3, -967.5),
    Vector3.new(-1455.3, -158.4, -962.0),
    Vector3.new(-1455.3, -158.4, -956.6),
    Vector3.new(-1455.3, -158.5, -951.0),
    Vector3.new(-1455.4, -158.6, -945.4),
    Vector3.new(-1455.4, -158.6, -939.6),
    Vector3.new(-1455.4, -158.7, -933.6),
    Vector3.new(-1455.5, -158.8, -926.3),
    Vector3.new(-1455.5, -158.8, -920.3),
    Vector3.new(-1455.5, -158.9, -917.8),
    Vector3.new(-1455.5, -158.9, -915.8),
    Vector3.new(-1455.5, -158.9, -913.7),
    Vector3.new(-1455.5, -158.9, -911.7),
    Vector3.new(-1455.5, -159.0, -909.7),
    Vector3.new(-1455.6, -159.0, -906.1),
    Vector3.new(-1455.6, -159.0, -904.1),
    Vector3.new(-1455.6, -159.0, -902.0),
    Vector3.new(-1455.6, -159.1, -900.0),
    Vector3.new(-1455.6, -159.1, -898.0),
    Vector3.new(-1455.6, -159.1, -896.0),
    Vector3.new(-1455.6, -159.1, -893.9),
    Vector3.new(-1455.6, -159.2, -891.8),
    Vector3.new(-1455.6, -159.2, -889.8),
    Vector3.new(-1455.7, -159.2, -886.3),
    Vector3.new(-1455.7, -159.3, -883.0),
    Vector3.new(-1455.7, -159.3, -878.0),
    Vector3.new(-1455.7, -159.3, -875.7),
    Vector3.new(-1455.7, -159.4, -873.4),
    Vector3.new(-1455.7, -159.4, -871.2),
    Vector3.new(-1455.8, -159.4, -869.0),
    Vector3.new(-1455.8, -159.4, -866.8),
    Vector3.new(-1455.8, -159.5, -860.3),
    Vector3.new(-1453.0, -159.5, -861.8),
    Vector3.new(-1451.0, -159.5, -862.8),
    Vector3.new(-1449.1, -159.5, -863.8),
    Vector3.new(-1447.1, -159.5, -864.8),
    Vector3.new(-1445.1, -159.5, -865.8),
    Vector3.new(-1442.8, -159.5, -867.0),
    Vector3.new(-1440.6, -159.5, -868.2),
    Vector3.new(-1436.7, -159.5, -870.2),
    Vector3.new(-1436.4, -159.3, -868.1),
    Vector3.new(-1436.1, -159.1, -865.9),
    Vector3.new(-1435.8, -158.9, -863.8),
    Vector3.new(-1435.5, -158.7, -861.7),
    Vector3.new(-1435.3, -158.5, -859.7),
    Vector3.new(-1435.0, -158.4, -857.5),
    Vector3.new(-1434.7, -158.2, -855.5),
    Vector3.new(-1434.4, -158.0, -853.4),
    Vector3.new(-1434.1, -157.8, -851.3),
    Vector3.new(-1433.8, -157.6, -849.2),
    Vector3.new(-1433.5, -157.4, -847.2),
    Vector3.new(-1433.2, -157.2, -845.0),
    Vector3.new(-1433.0, -157.0, -842.9),
    Vector3.new(-1432.7, -156.8, -840.9),
    Vector3.new(-1432.4, -156.7, -838.8),
    Vector3.new(-1431.7, -156.2, -833.8),
    Vector3.new(-1431.7, -155.6, -831.8),
    Vector3.new(-1431.7, -154.9, -829.6),
    Vector3.new(-1431.7, -154.2, -827.6),
    Vector3.new(-1431.6, -153.5, -825.3),
    Vector3.new(-1431.6, -152.8, -823.1),
    Vector3.new(-1431.6, -152.2, -821.0),
    Vector3.new(-1431.6, -151.5, -819.0),
    Vector3.new(-1431.6, -150.9, -817.0),
    Vector3.new(-1431.6, -150.0, -814.2),
    Vector3.new(-1431.6, -149.3, -812.0),
    Vector3.new(-1431.6, -148.7, -809.8),
    Vector3.new(-1431.5, -147.6, -806.5),
    Vector3.new(-1431.5, -146.3, -802.2),
    Vector3.new(-1431.5, -145.6, -800.1),
    Vector3.new(-1431.5, -143.4, -793.1),
    Vector3.new(-1431.4, -142.4, -789.9),
    Vector3.new(-1431.4, -141.7, -787.8),
    Vector3.new(-1431.4, -141.1, -785.7),
    Vector3.new(-1431.4, -140.5, -783.7),
    Vector3.new(-1431.4, -139.8, -781.7),
    Vector3.new(-1431.4, -139.2, -779.7),
    Vector3.new(-1431.4, -138.6, -777.7),
    Vector3.new(-1431.4, -138.0, -775.8),
    Vector3.new(-1431.3, -137.3, -773.8),
    Vector3.new(-1431.3, -136.7, -771.8),
    Vector3.new(-1431.3, -136.1, -769.8),
    Vector3.new(-1431.3, -135.5, -767.8),
    Vector3.new(-1431.3, -134.8, -765.8),
    Vector3.new(-1431.3, -134.2, -763.7),
    Vector3.new(-1431.3, -133.5, -761.5),
    Vector3.new(-1431.3, -132.8, -759.5),
    Vector3.new(-1431.2, -132.2, -757.5),
    Vector3.new(-1431.2, -131.6, -755.4),
    Vector3.new(-1431.2, -130.9, -753.4),
    Vector3.new(-1431.2, -130.3, -751.3),
    Vector3.new(-1431.2, -129.6, -749.1),
    Vector3.new(-1431.2, -129.0, -747.1),
    Vector3.new(-1431.2, -128.3, -745.1),
    Vector3.new(-1431.2, -127.7, -743.1),
    Vector3.new(-1431.2, -127.1, -741.1),
    Vector3.new(-1431.1, -126.4, -739.0),
    Vector3.new(-1431.1, -125.8, -737.0),
    Vector3.new(-1431.1, -124.2, -732.0),
    Vector3.new(-1431.1, -123.6, -730.0),
    Vector3.new(-1431.1, -123.0, -728.1),
    Vector3.new(-1431.1, -122.3, -725.8),
    Vector3.new(-1431.1, -121.6, -723.8),
    Vector3.new(-1431.1, -121.0, -721.8),
    Vector3.new(-1431.1, -120.3, -719.7),
    Vector3.new(-1431.1, -119.7, -717.6),
    Vector3.new(-1431.1, -119.0, -715.6),
    Vector3.new(-1431.1, -118.4, -713.5),
    Vector3.new(-1431.1, -117.8, -711.5),
    Vector3.new(-1431.1, -117.1, -709.5),
    Vector3.new(-1431.1, -116.5, -707.5),
    Vector3.new(-1431.1, -115.8, -705.4),
    Vector3.new(-1431.1, -115.2, -703.3),
    Vector3.new(-1431.1, -114.5, -701.3),
    Vector3.new(-1431.1, -113.9, -699.2),
    Vector3.new(-1431.1, -113.2, -697.1),
    Vector3.new(-1431.1, -112.6, -695.1),
    Vector3.new(-1431.1, -111.9, -693.0),
    Vector3.new(-1431.1, -111.3, -691.0),
    Vector3.new(-1431.1, -110.7, -688.9),
    Vector3.new(-1431.1, -110.0, -686.8),
    Vector3.new(-1431.1, -109.4, -684.8),
    Vector3.new(-1431.1, -108.7, -682.7),
    Vector3.new(-1431.2, -108.1, -680.6),
    Vector3.new(-1431.2, -107.4, -678.6),
    Vector3.new(-1431.2, -106.8, -676.6),
    Vector3.new(-1431.2, -106.1, -674.5),
    Vector3.new(-1431.2, -105.5, -672.5),
    Vector3.new(-1431.2, -104.9, -670.5),
    Vector3.new(-1431.2, -104.2, -668.3),
    Vector3.new(-1431.2, -103.6, -666.3),
    Vector3.new(-1431.2, -102.9, -664.3),
    Vector3.new(-1431.2, -102.3, -662.3),
    Vector3.new(-1431.2, -101.6, -660.0),
    Vector3.new(-1431.2, -100.9, -658.0),
    Vector3.new(-1431.2, -100.3, -656.0),
    Vector3.new(-1431.2, -99.6, -653.8),
    Vector3.new(-1431.2, -98.9, -651.4),
    Vector3.new(-1431.2, -98.2, -649.1),
    Vector3.new(-1431.2, -97.5, -647.1),
    Vector3.new(-1431.2, -96.9, -645.0),
    Vector3.new(-1431.2, -96.2, -642.9),
    Vector3.new(-1431.2, -95.6, -640.8),
    Vector3.new(-1431.2, -94.9, -638.8),
    Vector3.new(-1431.2, -94.3, -636.7),
    Vector3.new(-1431.2, -92.5, -631.1),
    Vector3.new(-1431.1, -92.0, -629.0),
    Vector3.new(-1431.0, -91.5, -626.8),
    Vector3.new(-1430.9, -90.9, -624.7),
    Vector3.new(-1430.9, -90.4, -622.5),
    Vector3.new(-1430.8, -89.9, -620.4),
    Vector3.new(-1430.7, -89.4, -618.3),
    Vector3.new(-1430.6, -88.8, -616.0),
    Vector3.new(-1430.5, -88.3, -613.8),
    Vector3.new(-1430.4, -87.8, -611.7),
    Vector3.new(-1430.3, -87.2, -609.5),
    Vector3.new(-1430.2, -86.7, -607.0),
    Vector3.new(-1430.1, -86.1, -604.9),
    Vector3.new(-1430.0, -85.6, -602.5),
    Vector3.new(-1430.0, -85.0, -600.4),
    Vector3.new(-1429.9, -84.5, -598.2),
    Vector3.new(-1429.8, -84.0, -596.0),
    Vector3.new(-1429.7, -83.4, -593.8),
    Vector3.new(-1429.6, -82.9, -591.7),
    Vector3.new(-1429.5, -82.4, -589.5),
    Vector3.new(-1429.4, -81.9, -587.3),
    Vector3.new(-1429.3, -81.3, -585.1),
    Vector3.new(-1429.3, -80.8, -582.9),
    Vector3.new(-1429.0, -79.2, -576.3),
    Vector3.new(-1428.8, -77.8, -570.9),
    Vector3.new(-1428.5, -76.5, -565.4),
    Vector3.new(-1428.3, -74.9, -558.9),
    Vector3.new(-1428.0, -73.3, -552.3),
    Vector3.new(-1427.8, -71.8, -546.2),
    Vector3.new(-1427.5, -70.3, -539.8),
    Vector3.new(-1427.2, -68.4, -532.0),
    Vector3.new(-1433.0, -68.4, -528.7),
    Vector3.new(-1439.2, -68.4, -525.2),
    Vector3.new(-1445.2, -68.4, -521.7),
    Vector3.new(-1451.3, -68.4, -518.2),
    Vector3.new(-1455.0, -68.4, -516.1),
    Vector3.new(-1454.8, -68.4, -509.2),
    Vector3.new(-1454.8, -68.3, -505.6),
    Vector3.new(-1454.7, -68.3, -503.2),
    Vector3.new(-1454.6, -68.3, -500.8),
    Vector3.new(-1454.6, -68.3, -498.4),
    Vector3.new(-1454.5, -68.3, -496.0),
    Vector3.new(-1454.5, -68.3, -493.6),
    Vector3.new(-1454.4, -68.2, -490.9),
    Vector3.new(-1454.3, -68.2, -488.4),
    Vector3.new(-1454.3, -68.2, -486.0),
    Vector3.new(-1454.2, -68.2, -483.6),
    Vector3.new(-1454.2, -68.2, -481.2),
    Vector3.new(-1454.1, -68.2, -478.7),
    Vector3.new(-1454.1, -68.2, -476.3),
    Vector3.new(-1454.0, -68.1, -473.9),
    Vector3.new(-1453.9, -68.1, -470.7),
    Vector3.new(-1453.8, -68.1, -467.6),
    Vector3.new(-1453.8, -68.1, -465.1),
    Vector3.new(-1453.7, -68.1, -462.6),
    Vector3.new(-1453.7, -68.0, -460.2),
    Vector3.new(-1453.6, -68.0, -457.7),
    Vector3.new(-1453.6, -68.0, -455.3),
    Vector3.new(-1453.5, -68.0, -452.8),
    Vector3.new(-1453.4, -68.0, -450.4),
    Vector3.new(-1453.4, -68.0, -448.0),
    Vector3.new(-1453.3, -68.0, -445.5),
    Vector3.new(-1453.3, -67.9, -443.1),
    Vector3.new(-1453.2, -67.9, -440.4),
    Vector3.new(-1453.1, -67.9, -436.4),
    Vector3.new(-1453.1, -67.3, -434.0),
    Vector3.new(-1453.2, -66.7, -431.7),
    Vector3.new(-1453.2, -66.1, -429.2),
    Vector3.new(-1453.3, -65.5, -426.8),
    Vector3.new(-1453.3, -64.9, -424.3),
    Vector3.new(-1453.3, -64.3, -421.8),
    Vector3.new(-1453.4, -63.7, -419.4),
    Vector3.new(-1453.4, -63.1, -417.0),
    Vector3.new(-1453.4, -62.5, -414.6),
    Vector3.new(-1453.5, -61.8, -412.1),
    Vector3.new(-1453.5, -61.2, -409.7),
    Vector3.new(-1453.6, -60.6, -407.3),
    Vector3.new(-1453.6, -60.0, -404.9),
    Vector3.new(-1453.6, -59.4, -402.5),
    Vector3.new(-1453.7, -58.8, -400.0),
    Vector3.new(-1453.7, -58.2, -397.5),
    Vector3.new(-1453.8, -56.8, -392.0),
    Vector3.new(-1453.8, -56.8, -389.6),
    Vector3.new(-1453.8, -56.7, -387.1),
    Vector3.new(-1453.8, -56.7, -384.7),
    Vector3.new(-1453.8, -56.7, -381.9),
    Vector3.new(-1453.7, -56.7, -379.3),
    Vector3.new(-1453.7, -56.6, -376.7),
    Vector3.new(-1453.7, -56.6, -374.1),
    Vector3.new(-1453.7, -56.6, -371.8),
    Vector3.new(-1453.7, -56.6, -369.4),
    Vector3.new(-1453.7, -56.5, -366.6),
    Vector3.new(-1453.7, -56.5, -364.1),
    Vector3.new(-1453.7, -56.5, -361.6),
    Vector3.new(-1453.6, -56.4, -359.1),
    Vector3.new(-1453.6, -56.4, -356.7),
    Vector3.new(-1453.6, -56.4, -354.2),
    Vector3.new(-1453.6, -56.4, -351.8),
    Vector3.new(-1453.6, -56.3, -349.2),
    Vector3.new(-1453.6, -56.3, -346.5),
    Vector3.new(-1453.6, -56.3, -343.8),
    Vector3.new(-1453.6, -56.2, -341.3),
    Vector3.new(-1453.5, -56.2, -338.8),
    Vector3.new(-1453.5, -56.2, -336.3),
    Vector3.new(-1453.5, -56.2, -333.7),
    Vector3.new(-1453.5, -56.1, -331.2),
    Vector3.new(-1453.5, -56.1, -328.8),
    Vector3.new(-1453.5, -56.1, -326.3),
    Vector3.new(-1453.5, -56.0, -323.8),
    Vector3.new(-1453.5, -56.0, -321.3),
    Vector3.new(-1453.4, -56.0, -318.8),
    Vector3.new(-1453.4, -56.0, -316.3),
    Vector3.new(-1453.4, -55.9, -310.3),
    Vector3.new(-1453.4, -55.9, -307.9),
    Vector3.new(-1453.4, -55.9, -305.4),
    Vector3.new(-1453.4, -55.9, -302.0),
    Vector3.new(-1453.4, -55.9, -299.6),
    Vector3.new(-1453.4, -55.9, -297.1),
    Vector3.new(-1453.4, -55.9, -294.7),
    Vector3.new(-1453.4, -55.9, -292.3),
    Vector3.new(-1453.4, -55.9, -289.9),
    Vector3.new(-1453.4, -55.9, -287.5),
    Vector3.new(-1453.4, -55.9, -285.0),
    Vector3.new(-1453.4, -55.9, -282.6),
    Vector3.new(-1453.4, -55.9, -280.1),
    Vector3.new(-1453.4, -55.9, -277.7),
    Vector3.new(-1453.4, -55.9, -275.2),
    Vector3.new(-1453.4, -55.9, -272.7),
    Vector3.new(-1453.4, -55.9, -270.3),
    Vector3.new(-1453.4, -55.9, -267.9),
    Vector3.new(-1453.4, -55.9, -265.2),
    Vector3.new(-1453.4, -55.9, -262.9),
    Vector3.new(-1453.5, -55.9, -260.1),
    Vector3.new(-1453.5, -55.9, -257.6),
    Vector3.new(-1453.5, -55.9, -255.1),
    Vector3.new(-1453.5, -55.9, -252.7),
    Vector3.new(-1453.5, -55.9, -250.3),
    Vector3.new(-1453.5, -55.9, -247.9),
    Vector3.new(-1453.5, -55.9, -245.2),
    Vector3.new(-1453.5, -55.9, -242.7),
    Vector3.new(-1453.5, -55.9, -240.0),
    Vector3.new(-1453.5, -56.0, -237.5),
    Vector3.new(-1453.5, -56.0, -235.1),
    Vector3.new(-1453.5, -56.0, -232.7),
    Vector3.new(-1453.5, -56.0, -230.3),
    Vector3.new(-1453.5, -56.0, -228.0),
    Vector3.new(-1453.5, -56.0, -225.0),
    Vector3.new(-1453.5, -56.0, -222.7),
    Vector3.new(-1453.5, -56.0, -220.3),
    Vector3.new(-1453.5, -56.0, -217.9),
    Vector3.new(-1453.5, -56.0, -215.5),
    Vector3.new(-1453.5, -56.0, -212.8),
    Vector3.new(-1453.5, -56.0, -210.4),
    Vector3.new(-1453.5, -56.0, -208.0),
    Vector3.new(-1453.5, -56.0, -205.5),
    Vector3.new(-1453.5, -56.0, -203.1),
    Vector3.new(-1453.5, -56.0, -200.8),
    Vector3.new(-1453.5, -56.0, -198.4),
    Vector3.new(-1453.5, -56.0, -196.0),
    Vector3.new(-1453.5, -56.0, -193.6),
    Vector3.new(-1453.5, -56.0, -191.2),
    Vector3.new(-1453.5, -56.0, -188.8),
    Vector3.new(-1453.5, -56.0, -186.4),
    Vector3.new(-1453.5, -56.0, -183.9),
    Vector3.new(-1453.5, -56.0, -176.2),
    Vector3.new(-1453.5, -56.0, -170.6),
    Vector3.new(-1453.6, -56.0, -164.7),
    Vector3.new(-1453.6, -56.0, -158.8),
    Vector3.new(-1453.6, -56.0, -153.2),
    Vector3.new(-1453.6, -56.0, -147.4),
    Vector3.new(-1453.6, -56.0, -141.6),
    Vector3.new(-1453.6, -56.0, -135.7),
    Vector3.new(-1453.6, -56.0, -129.8),
    Vector3.new(-1453.6, -56.0, -123.8),
    Vector3.new(-1453.6, -56.0, -117.9),
    Vector3.new(-1453.6, -56.0, -112.3),
    Vector3.new(-1453.6, -56.0, -106.2),
    Vector3.new(-1453.6, -56.0, -100.0),
    Vector3.new(-1453.6, -56.0, -92.2),
    Vector3.new(-1453.6, -56.1, -86.3),
    Vector3.new(-1453.6, -56.1, -80.3),
    Vector3.new(-1453.6, -56.1, -74.1),
    Vector3.new(-1453.6, -56.1, -68.0),
    Vector3.new(-1453.7, -56.1, -62.1),
    Vector3.new(-1453.7, -56.1, -55.0),
    Vector3.new(-1453.7, -56.1, -48.5),
    Vector3.new(-1453.7, -56.1, -42.4),
    Vector3.new(-1453.7, -56.1, -37.5),
    Vector3.new(-1453.7, -56.1, -34.9),
    Vector3.new(-1453.7, -56.1, -32.4),
    Vector3.new(-1453.7, -56.1, -29.8),
    Vector3.new(-1453.7, -56.1, -27.2),
    Vector3.new(-1453.7, -56.1, -24.6),
    Vector3.new(-1453.7, -56.1, -19.3),
    Vector3.new(-1456.3, -56.3, -19.0),
    Vector3.new(-1458.9, -56.6, -18.7),
    Vector3.new(-1461.5, -56.8, -18.4),
    Vector3.new(-1464.1, -57.0, -18.2),
    Vector3.new(-1466.7, -57.3, -17.9),
    Vector3.new(-1469.1, -57.5, -17.6),
    Vector3.new(-1471.6, -57.7, -17.4),
    Vector3.new(-1474.2, -57.9, -17.1),
    Vector3.new(-1479.5, -58.4, -16.5),
    Vector3.new(-1479.5, -56.0, -16.5)
}
