local Waypoints = {
    Vector3.new(-1456.8, -158.0, -995.6),
    Vector3.new(-1456.8, -158.0, -991.1),
    Vector3.new(-1456.8, -158.1, -987.9),
    Vector3.new(-1456.8, -158.1, -984.7),
    Vector3.new(-1456.7, -158.1, -981.4),
    Vector3.new(-1456.7, -158.2, -977.8),
    Vector3.new(-1456.7, -158.2, -974.7),
    Vector3.new(-1456.7, -158.2, -971.5),
    Vector3.new(-1456.6, -158.3, -968.3),
    Vector3.new(-1456.6, -158.3, -964.8),
    Vector3.new(-1456.6, -158.4, -961.4),
    Vector3.new(-1456.6, -158.4, -958.1),
    Vector3.new(-1456.5, -158.4, -955.0),
    Vector3.new(-1456.5, -158.5, -951.8),
    Vector3.new(-1456.5, -158.5, -948.4),
    Vector3.new(-1456.5, -158.5, -945.2),
    Vector3.new(-1456.4, -158.6, -941.5),
    Vector3.new(-1456.4, -158.6, -938.2),
    Vector3.new(-1456.4, -158.7, -934.8),
    Vector3.new(-1456.3, -158.7, -931.6),
    Vector3.new(-1456.3, -158.7, -928.4),
    Vector3.new(-1456.3, -158.8, -925.3),
    Vector3.new(-1456.3, -158.8, -922.0),
    Vector3.new(-1456.3, -158.8, -918.8),
    Vector3.new(-1456.2, -158.9, -915.6),
    Vector3.new(-1456.2, -158.9, -912.4),
    Vector3.new(-1456.2, -158.9, -909.2),
    Vector3.new(-1456.2, -159.0, -905.8),
    Vector3.new(-1456.1, -159.0, -902.0),
    Vector3.new(-1456.1, -159.1, -898.8),
    Vector3.new(-1456.1, -159.1, -895.6),
    Vector3.new(-1456.0, -159.1, -892.4),
    Vector3.new(-1456.0, -159.2, -889.1),
    Vector3.new(-1456.0, -159.2, -885.6),
    Vector3.new(-1456.0, -159.3, -882.3),
    Vector3.new(-1455.9, -159.3, -878.9),
    Vector3.new(-1455.9, -159.3, -875.7),
    Vector3.new(-1455.9, -159.4, -872.4),
    Vector3.new(-1455.9, -159.4, -869.3),
    Vector3.new(-1455.8, -159.4, -866.0),
    Vector3.new(-1455.8, -159.5, -860.3),
    Vector3.new(-1452.9, -159.5, -861.8),
    Vector3.new(-1450.0, -159.5, -863.3),
    Vector3.new(-1447.0, -159.5, -864.8),
    Vector3.new(-1444.1, -159.5, -866.4),
    Vector3.new(-1441.0, -159.5, -868.0),
    Vector3.new(-1436.7, -159.5, -870.2),
    Vector3.new(-1436.2, -159.2, -866.6),
    Vector3.new(-1435.8, -158.9, -863.3),
    Vector3.new(-1435.3, -158.6, -860.0),
    Vector3.new(-1434.9, -158.3, -856.8),
    Vector3.new(-1434.4, -158.0, -853.4),
    Vector3.new(-1433.9, -157.7, -850.0),
    Vector3.new(-1433.5, -157.4, -846.7),
    Vector3.new(-1433.0, -157.1, -843.4),
    Vector3.new(-1432.6, -156.8, -840.0),
    Vector3.new(-1431.7, -156.2, -833.8),
    Vector3.new(-1431.7, -155.2, -830.6),
    Vector3.new(-1431.7, -154.2, -827.5),
    Vector3.new(-1431.6, -153.2, -824.2),
    Vector3.new(-1431.6, -152.1, -820.9),
    Vector3.new(-1431.6, -151.1, -817.6),
    Vector3.new(-1431.6, -150.1, -814.4),
    Vector3.new(-1431.6, -149.1, -811.1),
    Vector3.new(-1431.5, -148.0, -807.7),
    Vector3.new(-1431.5, -147.0, -804.5),
    Vector3.new(-1431.5, -146.0, -801.2),
    Vector3.new(-1431.5, -144.9, -797.9),
    Vector3.new(-1431.5, -143.9, -794.7),
    Vector3.new(-1431.5, -142.9, -791.4),
    Vector3.new(-1431.4, -141.8, -788.0),
    Vector3.new(-1431.4, -140.7, -784.6),
    Vector3.new(-1431.4, -139.7, -781.4),
    Vector3.new(-1431.4, -138.6, -777.9),
    Vector3.new(-1431.4, -137.6, -774.7),
    Vector3.new(-1431.3, -136.6, -771.5),
    Vector3.new(-1431.3, -135.6, -768.3),
    Vector3.new(-1431.3, -134.6, -765.1),
    Vector3.new(-1431.3, -133.5, -761.6),
    Vector3.new(-1431.3, -132.5, -758.4),
    Vector3.new(-1431.2, -131.5, -755.2),
    Vector3.new(-1431.2, -130.5, -751.9),
    Vector3.new(-1431.2, -129.5, -748.7),
    Vector3.new(-1431.2, -128.4, -745.5),
    Vector3.new(-1431.2, -127.4, -742.2),
    Vector3.new(-1431.1, -126.4, -739.0),
    Vector3.new(-1431.1, -124.2, -732.0),
    Vector3.new(-1431.1, -123.2, -728.7),
    Vector3.new(-1431.1, -122.2, -725.5),
    Vector3.new(-1431.1, -121.1, -722.2),
    Vector3.new(-1431.1, -120.1, -718.9),
    Vector3.new(-1431.1, -119.0, -715.5),
    Vector3.new(-1431.1, -118.0, -712.3),
    Vector3.new(-1431.1, -117.0, -709.0),
    Vector3.new(-1431.1, -115.9, -705.7),
    Vector3.new(-1431.1, -114.9, -702.4),
    Vector3.new(-1431.1, -113.9, -699.1),
    Vector3.new(-1431.1, -112.8, -695.8),
    Vector3.new(-1431.1, -111.7, -692.4),
    Vector3.new(-1431.1, -110.7, -689.1),
    Vector3.new(-1431.1, -109.6, -685.6),
    Vector3.new(-1431.1, -108.6, -682.4),
    Vector3.new(-1431.2, -107.6, -679.2),
    Vector3.new(-1431.2, -106.6, -676.0),
    Vector3.new(-1431.2, -105.6, -672.7),
    Vector3.new(-1431.2, -104.6, -669.5),
    Vector3.new(-1431.2, -103.5, -666.3),
    Vector3.new(-1431.2, -102.4, -662.7),
    Vector3.new(-1431.2, -101.4, -659.5),
    Vector3.new(-1431.2, -100.4, -656.3),
    Vector3.new(-1431.2, -99.4, -653.0),
    Vector3.new(-1431.2, -98.4, -649.8),
    Vector3.new(-1431.2, -97.4, -646.5),
    Vector3.new(-1431.2, -96.3, -643.3),
    Vector3.new(-1431.2, -95.3, -640.1),
    Vector3.new(-1431.2, -94.3, -636.9),
    Vector3.new(-1431.2, -92.5, -631.1),
    Vector3.new(-1431.1, -91.7, -627.8),
    Vector3.new(-1430.9, -90.9, -624.5),
    Vector3.new(-1430.8, -90.1, -621.0),
    Vector3.new(-1430.7, -89.2, -617.7),
    Vector3.new(-1430.5, -88.4, -614.1),
    Vector3.new(-1430.4, -87.5, -610.7),
    Vector3.new(-1430.2, -86.7, -607.4),
    Vector3.new(-1430.1, -85.9, -603.9),
    Vector3.new(-1430.0, -85.1, -600.5),
    Vector3.new(-1429.8, -84.2, -597.1),
    Vector3.new(-1429.7, -83.4, -593.7),
    Vector3.new(-1429.6, -82.6, -590.4),
    Vector3.new(-1429.4, -81.8, -587.0),
    Vector3.new(-1429.3, -80.9, -583.6),
    Vector3.new(-1429.1, -80.1, -580.2),
    Vector3.new(-1429.0, -79.3, -576.9),
    Vector3.new(-1428.9, -78.5, -573.5),
    Vector3.new(-1428.7, -77.7, -570.2),
    Vector3.new(-1428.6, -76.9, -566.8),
    Vector3.new(-1428.4, -75.4, -560.6),
    Vector3.new(-1428.2, -74.3, -556.1),
    Vector3.new(-1428.0, -73.2, -551.6),
    Vector3.new(-1427.8, -72.1, -547.1),
    Vector3.new(-1427.6, -70.9, -542.4),
    Vector3.new(-1427.4, -69.8, -537.8),
    Vector3.new(-1427.2, -68.4, -532.0),
    Vector3.new(-1431.3, -68.4, -529.7),
    Vector3.new(-1435.3, -68.4, -527.4),
    Vector3.new(-1439.1, -68.4, -525.2),
    Vector3.new(-1443.4, -68.4, -522.7),
    Vector3.new(-1447.3, -68.4, -520.5),
    Vector3.new(-1451.0, -68.4, -518.4),
    Vector3.new(-1455.0, -68.4, -516.1),
    Vector3.new(-1454.9, -68.4, -511.9),
    Vector3.new(-1454.8, -68.3, -507.1),
    Vector3.new(-1454.7, -68.3, -502.5),
    Vector3.new(-1454.6, -68.3, -497.9),
    Vector3.new(-1454.4, -68.3, -492.9),
    Vector3.new(-1454.3, -68.2, -488.4),
    Vector3.new(-1454.2, -68.2, -483.8),
    Vector3.new(-1454.1, -68.2, -479.2),
    Vector3.new(-1454.0, -68.1, -474.4),
    Vector3.new(-1453.9, -68.1, -469.7),
    Vector3.new(-1453.8, -68.1, -464.5),
    Vector3.new(-1453.7, -68.0, -459.8),
    Vector3.new(-1453.6, -68.0, -455.5),
    Vector3.new(-1453.4, -68.0, -450.3),
    Vector3.new(-1453.3, -68.0, -445.7),
    Vector3.new(-1453.2, -67.9, -441.1),
    Vector3.new(-1453.1, -67.9, -436.4),
    Vector3.new(-1453.2, -66.7, -431.6),
    Vector3.new(-1453.3, -65.5, -426.9),
    Vector3.new(-1453.3, -64.3, -422.1),
    Vector3.new(-1453.4, -63.2, -417.5),
    Vector3.new(-1453.5, -62.0, -412.7),
    Vector3.new(-1453.5, -60.8, -408.1),
    Vector3.new(-1453.6, -59.7, -403.7),
    Vector3.new(-1453.7, -58.5, -398.9),
    Vector3.new(-1453.8, -56.8, -392.0),
    Vector3.new(-1453.8, -56.7, -387.4),
    Vector3.new(-1453.8, -56.7, -382.8),
    Vector3.new(-1453.7, -56.6, -378.2),
    Vector3.new(-1453.7, -56.6, -373.5),
    Vector3.new(-1453.7, -56.5, -369.2),
    Vector3.new(-1453.7, -56.5, -364.8),
    Vector3.new(-1453.6, -56.4, -360.1),
    Vector3.new(-1453.6, -56.4, -355.4),
    Vector3.new(-1453.6, -56.3, -351.0),
    Vector3.new(-1453.6, -56.3, -346.5),
    Vector3.new(-1453.6, -56.2, -341.6),
    Vector3.new(-1453.5, -56.2, -336.8),
    Vector3.new(-1453.5, -56.1, -331.9),
    Vector3.new(-1453.5, -56.1, -327.0),
    Vector3.new(-1453.5, -56.0, -322.2),
    Vector3.new(-1453.4, -56.0, -317.2),
    Vector3.new(-1453.4, -55.9, -310.3),
    Vector3.new(-1453.4, -55.9, -305.4),
    Vector3.new(-1453.4, -55.9, -300.7),
    Vector3.new(-1453.4, -55.9, -296.3),
    Vector3.new(-1453.4, -55.9, -291.7),
    Vector3.new(-1453.4, -55.9, -286.9),
    Vector3.new(-1453.4, -55.9, -282.6),
    Vector3.new(-1453.4, -55.9, -278.1),
    Vector3.new(-1453.4, -55.9, -272.9),
    Vector3.new(-1453.4, -55.9, -268.1),
    Vector3.new(-1453.4, -55.9, -263.4),
    Vector3.new(-1453.5, -55.9, -258.8),
    Vector3.new(-1453.5, -55.9, -254.5),
    Vector3.new(-1453.5, -55.9, -249.6),
    Vector3.new(-1453.5, -55.9, -245.2),
    Vector3.new(-1453.5, -55.9, -240.3),
    Vector3.new(-1453.5, -56.0, -236.1),
    Vector3.new(-1453.5, -56.0, -231.8),
    Vector3.new(-1453.5, -56.0, -227.1),
    Vector3.new(-1453.5, -56.0, -222.2),
    Vector3.new(-1453.5, -56.0, -217.4),
    Vector3.new(-1453.5, -56.0, -212.8),
    Vector3.new(-1453.5, -56.0, -208.3),
    Vector3.new(-1453.5, -56.0, -204.0),
    Vector3.new(-1453.5, -56.0, -199.2),
    Vector3.new(-1453.5, -56.0, -194.8),
    Vector3.new(-1453.5, -56.0, -190.0),
    Vector3.new(-1453.5, -56.0, -184.7),
    Vector3.new(-1453.5, -56.0, -180.2),
    Vector3.new(-1453.5, -56.0, -175.4),
    Vector3.new(-1453.5, -56.0, -171.1),
    Vector3.new(-1453.5, -56.0, -166.3),
    Vector3.new(-1453.6, -56.0, -161.8),
    Vector3.new(-1453.6, -56.0, -155.3),
    Vector3.new(-1453.6, -56.0, -150.7),
    Vector3.new(-1453.6, -56.0, -145.9),
    Vector3.new(-1453.6, -56.0, -141.1),
    Vector3.new(-1453.6, -56.0, -136.6),
    Vector3.new(-1453.6, -56.0, -131.9),
    Vector3.new(-1453.6, -56.0, -127.3),
    Vector3.new(-1453.6, -56.0, -122.8),
    Vector3.new(-1453.6, -56.0, -118.2),
    Vector3.new(-1453.6, -56.0, -113.5),
    Vector3.new(-1453.6, -56.0, -108.9),
    Vector3.new(-1453.6, -56.0, -104.3),
    Vector3.new(-1453.6, -56.0, -99.8),
    Vector3.new(-1453.6, -56.0, -95.1),
    Vector3.new(-1453.6, -56.1, -90.7),
    Vector3.new(-1453.6, -56.1, -86.1),
    Vector3.new(-1453.6, -56.1, -81.4),
    Vector3.new(-1453.6, -56.1, -76.9),
    Vector3.new(-1453.6, -56.1, -72.5),
    Vector3.new(-1453.6, -56.1, -68.0),
    Vector3.new(-1453.7, -56.1, -63.6),
    Vector3.new(-1453.7, -56.1, -58.9),
    Vector3.new(-1453.7, -56.1, -54.4),
    Vector3.new(-1453.7, -56.1, -49.8),
    Vector3.new(-1453.7, -56.1, -45.1),
    Vector3.new(-1453.7, -56.1, -40.5),
    Vector3.new(-1453.7, -56.1, -35.7),
    Vector3.new(-1453.7, -56.1, -31.2),
    Vector3.new(-1453.7, -56.1, -26.7),
    Vector3.new(-1453.7, -56.1, -19.3),
    Vector3.new(-1453.7, -56.1, -14.8),
    Vector3.new(-1453.7, -56.1, -10.4),
    Vector3.new(-1453.7, -56.1, -5.9),
    Vector3.new(-1453.7, -56.1, -1.5),
    Vector3.new(-1453.7, -56.1, 3.0),
    Vector3.new(-1453.7, -56.0, 7.5),
    Vector3.new(-1453.7, -56.0, 12.0),
    Vector3.new(-1453.7, -56.0, 16.5),
    Vector3.new(-1453.7, -56.0, 21.2),
    Vector3.new(-1453.7, -56.0, 25.8),
    Vector3.new(-1453.7, -56.0, 30.3),
    Vector3.new(-1453.7, -56.0, 34.9),
    Vector3.new(-1453.7, -56.0, 39.5),
    Vector3.new(-1453.7, -56.0, 43.9),
    Vector3.new(-1453.7, -56.0, 48.4),
    Vector3.new(-1453.7, -56.0, 52.9),
    Vector3.new(-1453.7, -56.0, 57.2),
    Vector3.new(-1453.7, -55.9, 61.5),
    Vector3.new(-1453.7, -55.9, 65.8),
    Vector3.new(-1453.7, -55.9, 70.7),
    Vector3.new(-1453.7, -55.9, 75.4),
    Vector3.new(-1453.7, -55.9, 79.9),
    Vector3.new(-1453.7, -55.9, 84.6),
    Vector3.new(-1453.7, -51.4, 84.6),
    Vector3.new(-1453.7, -47.2, 84.6),
    Vector3.new(-1453.7, -42.5, 84.6),
    Vector3.new(-1453.7, -37.4, 84.6),
    Vector3.new(-1453.7, -32.4, 84.6),
    Vector3.new(-1453.7, -27.7, 84.6),
    Vector3.new(-1453.7, -23.5, 84.6),
    Vector3.new(-1453.7, -18.2, 84.6),
    Vector3.new(-1453.7, -13.2, 84.6),
    Vector3.new(-1453.7, -8.1, 84.6),
    Vector3.new(-1453.7, -3.4, 84.6),
    Vector3.new(-1453.7, 1.4, 84.6),
    Vector3.new(-1453.7, 6.3, 84.6),
    Vector3.new(-1453.7, 11.4, 84.6),
    Vector3.new(-1453.7, 15.7, 84.6),
    Vector3.new(-1453.7, 19.9, 84.6),
    Vector3.new(-1453.7, 24.6, 84.6),
    Vector3.new(-1453.7, 29.5, 84.6),
    Vector3.new(-1453.7, 34.3, 84.6),
    Vector3.new(-1453.7, 39.0, 84.6),
    Vector3.new(-1453.7, 43.7, 84.6),
    Vector3.new(-1453.7, 53.4, 84.6),
    Vector3.new(-1453.7, 59.1, 84.6),
    Vector3.new(-1453.7, 63.8, 84.6),
    Vector3.new(-1453.7, 68.6, 84.6),
    Vector3.new(-1453.7, 72.9, 84.6),
    Vector3.new(-1453.7, 78.0, 84.6),
    Vector3.new(-1453.7, 83.0, 84.6),
    Vector3.new(-1453.7, 89.3, 84.6),
    Vector3.new(-1453.7, 90.0, 88.3),
    Vector3.new(-1453.8, 91.1, 94.8),
    Vector3.new(-1448.6, 91.1, 94.0),
    Vector3.new(-1444.4, 91.1, 93.3),
    Vector3.new(-1439.2, 91.1, 92.5),
    Vector3.new(-1434.1, 91.1, 91.7),
    Vector3.new(-1434.1, 96.2, 91.9),
    Vector3.new(-1434.1, 101.1, 92.0),
    Vector3.new(-1434.1, 106.1, 92.2),
    Vector3.new(-1434.1, 111.2, 92.3),
    Vector3.new(-1434.1, 116.2, 92.5),
    Vector3.new(-1434.1, 121.0, 92.6),
    Vector3.new(-1434.1, 125.7, 92.8),
    Vector3.new(-1434.1, 130.0, 92.9),
    Vector3.new(-1434.1, 134.2, 93.0),
    Vector3.new(-1434.1, 139.0, 93.2),
    Vector3.new(-1434.1, 143.8, 93.3),
    Vector3.new(-1434.1, 148.3, 93.5),
    Vector3.new(-1434.0, 152.6, 93.6),
    Vector3.new(-1434.0, 157.8, 93.8),
    Vector3.new(-1434.0, 162.3, 93.9),
    Vector3.new(-1434.0, 167.5, 94.1),
    Vector3.new(-1434.0, 172.1, 94.2),
    Vector3.new(-1434.0, 176.6, 94.3),
    Vector3.new(-1434.0, 181.4, 94.5),
    Vector3.new(-1434.0, 185.9, 94.6),
    Vector3.new(-1434.0, 190.3, 94.8),
    Vector3.new(-1434.0, 196.1, 94.9),
    Vector3.new(-1434.0, 201.7, 95.1),
    Vector3.new(-1434.0, 211.0, 95.4),
    Vector3.new(-1434.1, 212.8, 97.4),
    Vector3.new(-1434.2, 216.1, 101.1),
    Vector3.new(-1436.8, 216.1, 105.3),
    Vector3.new(-1439.3, 216.1, 109.2),
    Vector3.new(-1441.8, 216.1, 113.3),
    Vector3.new(-1444.5, 216.1, 117.6),
    Vector3.new(-1449.6, 216.1, 125.8),
    Vector3.new(-1452.7, 216.1, 130.7),
    Vector3.new(-1452.8, 217.2, 137.4),
    Vector3.new(-1452.9, 218.0, 141.8),
    Vector3.new(-1453.0, 218.7, 146.2),
    Vector3.new(-1453.1, 219.5, 151.2),
    Vector3.new(-1453.1, 220.4, 156.3),
    Vector3.new(-1453.2, 221.1, 160.9),
    Vector3.new(-1453.3, 221.9, 165.5),
    Vector3.new(-1453.4, 222.7, 170.4),
    Vector3.new(-1453.5, 223.7, 176.3),
    Vector3.new(-1453.6, 223.8, 181.2),
    Vector3.new(-1453.7, 223.8, 186.2),
    Vector3.new(-1453.8, 223.9, 191.7),
    Vector3.new(-1453.8, 224.0, 196.3),
    Vector3.new(-1453.9, 224.1, 200.8),
    Vector3.new(-1454.0, 224.1, 205.3),
    Vector3.new(-1454.1, 224.2, 209.9),
    Vector3.new(-1454.1, 224.3, 214.7),
    Vector3.new(-1454.2, 224.3, 219.3),
    Vector3.new(-1454.3, 224.4, 224.3),
    Vector3.new(-1454.4, 224.5, 229.6),
    Vector3.new(-1454.4, 224.1, 234.7),
    Vector3.new(-1454.4, 223.5, 241.4),
    Vector3.new(-1454.4, 223.1, 246.4),
    Vector3.new(-1454.5, 222.7, 251.3),
    Vector3.new(-1454.5, 222.3, 256.3),
    Vector3.new(-1454.5, 221.9, 261.2),
    Vector3.new(-1454.5, 221.5, 266.0),
    Vector3.new(-1454.5, 221.1, 270.8),
    Vector3.new(-1454.5, 220.7, 275.7),
    Vector3.new(-1454.5, 220.3, 281.0),
    Vector3.new(-1454.6, 219.9, 286.1),
    Vector3.new(-1454.6, 219.5, 291.0),
    Vector3.new(-1454.6, 219.1, 296.0),
    Vector3.new(-1454.6, 218.7, 301.1),
    Vector3.new(-1454.6, 218.3, 306.2),
    Vector3.new(-1454.6, 217.9, 311.3),
    Vector3.new(-1454.6, 217.4, 316.4),
    Vector3.new(-1454.7, 217.0, 321.5),
    Vector3.new(-1454.7, 216.6, 326.5),
    Vector3.new(-1454.7, 215.9, 335.3),
    Vector3.new(-1454.7, 215.9, 340.4),
    Vector3.new(-1454.7, 215.9, 345.6),
    Vector3.new(-1454.7, 215.9, 350.7),
    Vector3.new(-1454.7, 215.9, 355.7),
    Vector3.new(-1454.7, 215.9, 360.7),
    Vector3.new(-1454.7, 215.9, 365.8),
    Vector3.new(-1454.7, 215.9, 370.9),
    Vector3.new(-1454.7, 215.9, 376.0),
    Vector3.new(-1454.7, 215.9, 381.1),
    Vector3.new(-1454.6, 215.9, 386.4),
    Vector3.new(-1454.6, 215.9, 391.4),
    Vector3.new(-1454.6, 215.9, 396.4),
    Vector3.new(-1454.6, 215.9, 401.4),
    Vector3.new(-1454.6, 215.9, 406.4),
    Vector3.new(-1454.6, 215.9, 411.4),
    Vector3.new(-1454.6, 215.9, 416.7),
    Vector3.new(-1454.6, 215.9, 421.7),
    Vector3.new(-1454.6, 215.9, 426.8),
    Vector3.new(-1454.6, 215.9, 432.0),
    Vector3.new(-1454.6, 215.9, 437.1),
    Vector3.new(-1454.6, 215.9, 442.4),
    Vector3.new(-1454.6, 215.9, 447.4),
    Vector3.new(-1454.6, 215.9, 452.4),
    Vector3.new(-1454.6, 215.9, 457.4),
    Vector3.new(-1454.6, 215.9, 462.5),
    Vector3.new(-1454.6, 215.9, 467.7),
    Vector3.new(-1454.6, 215.9, 472.7),
    Vector3.new(-1454.6, 215.9, 477.7),
    Vector3.new(-1454.5, 215.8, 482.9),
    Vector3.new(-1454.5, 215.8, 487.9),
    Vector3.new(-1454.5, 215.8, 493.0),
    Vector3.new(-1454.5, 215.8, 498.1),
    Vector3.new(-1454.5, 215.8, 509.6),
    Vector3.new(-1454.5, 215.8, 515.3),
    Vector3.new(-1454.5, 215.8, 520.9),
    Vector3.new(-1454.5, 215.8, 525.9),
    Vector3.new(-1454.5, 215.8, 531.9),
    Vector3.new(-1454.5, 215.8, 537.0),
    Vector3.new(-1454.5, 215.8, 543.1),
    Vector3.new(-1454.5, 215.8, 548.7),
    Vector3.new(-1454.5, 215.8, 554.5),
    Vector3.new(-1454.5, 215.8, 560.3),
    Vector3.new(-1454.5, 215.8, 565.6),
    Vector3.new(-1454.5, 215.8, 571.2),
    Vector3.new(-1454.5, 215.8, 577.0),
    Vector3.new(-1454.4, 215.8, 582.5),
    Vector3.new(-1454.4, 215.8, 587.4),
    Vector3.new(-1454.4, 215.8, 592.4),
    Vector3.new(-1454.4, 215.8, 598.1),
    Vector3.new(-1454.4, 215.8, 603.0),
    Vector3.new(-1454.4, 215.8, 608.7),
    Vector3.new(-1454.4, 215.8, 614.4),
    Vector3.new(-1454.4, 215.8, 619.3),
    Vector3.new(-1454.4, 215.8, 627.4),
    Vector3.new(-1454.4, 220.6, 627.4),
    Vector3.new(-1454.4, 226.6, 627.4),
    Vector3.new(-1454.4, 231.7, 627.4),
    Vector3.new(-1454.4, 237.7, 627.4),
    Vector3.new(-1454.4, 242.9, 627.4),
    Vector3.new(-1454.4, 248.7, 627.4),
    Vector3.new(-1454.4, 254.5, 627.4),
    Vector3.new(-1454.4, 260.0, 627.4),
    Vector3.new(-1454.4, 266.3, 627.4),
    Vector3.new(-1454.4, 271.5, 627.4),
    Vector3.new(-1454.4, 276.5, 627.4),
    Vector3.new(-1454.4, 281.6, 627.4),
    Vector3.new(-1454.4, 286.5, 627.4),
    Vector3.new(-1454.4, 292.0, 627.4),
    Vector3.new(-1454.4, 296.7, 627.4),
    Vector3.new(-1454.4, 302.2, 627.4),
    Vector3.new(-1454.4, 308.4, 627.4),
    Vector3.new(-1454.4, 313.6, 627.4),
    Vector3.new(-1454.4, 318.6, 627.4),
    Vector3.new(-1454.4, 324.2, 627.4),
    Vector3.new(-1454.4, 330.2, 627.4),
    Vector3.new(-1454.4, 336.3, 627.4),
    Vector3.new(-1454.4, 342.2, 627.4),
    Vector3.new(-1454.4, 347.4, 627.4),
    Vector3.new(-1454.4, 352.3, 627.4),
    Vector3.new(-1454.4, 357.9, 627.4),
    Vector3.new(-1454.4, 366.4, 627.4),
    Vector3.new(-1454.5, 365.7, 622.1),
    Vector3.new(-1454.6, 364.9, 616.6),
    Vector3.new(-1454.7, 364.1, 610.8),
    Vector3.new(-1454.7, 363.4, 605.9),
    Vector3.new(-1454.8, 362.7, 601.2),
    Vector3.new(-1454.9, 361.9, 595.2),
    Vector3.new(-1454.9, 361.9, 590.2),
    Vector3.new(-1455.0, 361.8, 584.6),
    Vector3.new(-1455.0, 361.8, 579.1),
    Vector3.new(-1455.1, 361.7, 574.2),
    Vector3.new(-1455.1, 361.7, 568.9),
    Vector3.new(-1455.2, 361.6, 563.7),
    Vector3.new(-1455.2, 361.6, 556.6),
    Vector3.new(-1455.3, 361.5, 551.0),
    Vector3.new(-1455.3, 361.5, 545.5),
    Vector3.new(-1455.3, 361.5, 539.8),
    Vector3.new(-1455.4, 361.4, 534.1),
    Vector3.new(-1455.5, 361.3, 526.6),
    Vector3.new(-1455.5, 361.3, 520.6),
    Vector3.new(-1455.6, 361.2, 510.2),
    Vector3.new(-1455.6, 361.2, 504.0),
    Vector3.new(-1455.7, 361.1, 496.5),
    Vector3.new(-1450.1, 361.1, 496.4),
    Vector3.new(-1444.9, 361.1, 496.3),
    Vector3.new(-1439.3, 361.1, 496.2),
    Vector3.new(-1433.8, 361.1, 496.1),
    Vector3.new(-1427.9, 361.1, 496.0),
    Vector3.new(-1422.9, 361.1, 495.9),
    Vector3.new(-1416.8, 361.1, 495.8),
    Vector3.new(-1411.3, 361.1, 495.8),
    Vector3.new(-1405.9, 361.1, 495.7),
    Vector3.new(-1400.9, 361.1, 495.6),
    Vector3.new(-1395.4, 361.1, 495.5),
    Vector3.new(-1390.2, 361.1, 495.4),
    Vector3.new(-1384.8, 361.1, 495.3),
    Vector3.new(-1379.7, 361.1, 495.2),
    Vector3.new(-1374.6, 361.1, 495.1),
    Vector3.new(-1369.4, 361.1, 495.0),
    Vector3.new(-1364.2, 361.1, 495.0),
    Vector3.new(-1358.8, 361.1, 494.9),
    Vector3.new(-1353.6, 361.1, 494.8),
    Vector3.new(-1348.8, 361.1, 494.7),
    Vector3.new(-1343.5, 361.6, 494.7),
    Vector3.new(-1337.9, 362.1, 494.8),
    Vector3.new(-1332.7, 362.5, 494.8),
    Vector3.new(-1327.1, 363.0, 494.8),
    Vector3.new(-1322.0, 361.3, 494.9),
    Vector3.new(-1317.2, 359.7, 495.0),
    Vector3.new(-1311.9, 357.9, 495.1),
    Vector3.new(-1306.4, 356.1, 495.2),
    Vector3.new(-1301.3, 354.4, 495.3),
    Vector3.new(-1296.1, 352.7, 495.4),
    Vector3.new(-1291.2, 351.0, 495.4),
    Vector3.new(-1286.4, 349.5, 495.5),
    Vector3.new(-1281.6, 347.9, 495.6),
    Vector3.new(-1276.1, 346.1, 495.7),
    Vector3.new(-1271.0, 344.4, 495.8),
    Vector3.new(-1265.8, 342.6, 495.9),
    Vector3.new(-1260.7, 340.9, 496.0),
    Vector3.new(-1255.9, 339.3, 496.1),
    Vector3.new(-1251.3, 337.8, 496.2),
    Vector3.new(-1243.8, 335.3, 496.3),
    Vector3.new(-1243.8, 333.6, 500.7),
    Vector3.new(-1243.8, 332.0, 504.9),
    Vector3.new(-1243.8, 330.4, 509.2),
    Vector3.new(-1243.8, 328.7, 513.6),
    Vector3.new(-1243.8, 327.2, 517.5),
    Vector3.new(-1243.8, 325.7, 521.3),
    Vector3.new(-1243.8, 324.5, 524.6),
    Vector3.new(-1243.8, 323.3, 527.7),
    Vector3.new(-1243.8, 322.1, 530.8),
    Vector3.new(-1243.8, 320.9, 534.0),
    Vector3.new(-1243.8, 319.7, 537.1),
    Vector3.new(-1243.8, 318.5, 540.2),
    Vector3.new(-1243.8, 317.3, 543.3),
    Vector3.new(-1243.8, 316.1, 546.4),
    Vector3.new(-1243.8, 314.9, 549.7),
    Vector3.new(-1243.8, 313.0, 554.6),
    Vector3.new(-1243.4, 313.8, 558.0),
    Vector3.new(-1243.0, 314.6, 561.1),
    Vector3.new(-1242.6, 315.4, 564.2),
    Vector3.new(-1242.2, 316.2, 567.4),
    Vector3.new(-1241.8, 317.0, 570.5),
    Vector3.new(-1241.4, 317.8, 573.6),
    Vector3.new(-1241.0, 318.6, 576.8),
    Vector3.new(-1240.6, 319.4, 580.1),
    Vector3.new(-1240.2, 320.1, 583.1),
    Vector3.new(-1239.8, 321.0, 586.4),
    Vector3.new(-1239.4, 321.7, 589.6),
    Vector3.new(-1239.0, 322.5, 592.7),
    Vector3.new(-1238.6, 323.3, 595.8),
    Vector3.new(-1238.2, 324.1, 599.2),
    Vector3.new(-1237.5, 325.6, 605.0),
    Vector3.new(-1236.5, 326.1, 608.1),
    Vector3.new(-1235.4, 326.6, 611.3),
    Vector3.new(-1234.3, 327.1, 614.4),
    Vector3.new(-1233.3, 327.6, 617.6),
    Vector3.new(-1232.3, 328.1, 620.6),
    Vector3.new(-1231.2, 328.5, 623.7),
    Vector3.new(-1230.2, 329.0, 626.8),
    Vector3.new(-1228.8, 329.7, 631.0),
    Vector3.new(-1229.8, 329.7, 634.2),
    Vector3.new(-1232.7, 329.7, 643.9),
    Vector3.new(-1234.5, 329.7, 649.8),
    Vector3.new(-1236.4, 329.7, 655.8),
    Vector3.new(-1238.3, 329.7, 662.1),
    Vector3.new(-1240.1, 329.7, 668.0),
    Vector3.new(-1241.9, 329.7, 674.0),
    Vector3.new(-1243.7, 329.7, 679.9),
    Vector3.new(-1245.2, 329.7, 684.7),
    Vector3.new(-1241.7, 330.0, 689.8),
    Vector3.new(-1238.3, 330.3, 694.7),
    Vector3.new(-1234.8, 330.6, 699.8),
    Vector3.new(-1231.3, 330.9, 704.8),
    Vector3.new(-1227.8, 331.2, 709.8),
    Vector3.new(-1223.1, 331.6, 716.7),
    Vector3.new(-1222.9, 332.4, 723.0),
    Vector3.new(-1222.8, 333.2, 729.1),
    Vector3.new(-1222.6, 334.0, 735.3),
    Vector3.new(-1222.4, 334.9, 742.0),
    Vector3.new(-1222.2, 335.8, 748.7),
    Vector3.new(-1222.0, 336.6, 755.2),
    Vector3.new(-1221.9, 337.5, 761.7),
    Vector3.new(-1221.7, 338.3, 768.3),
    Vector3.new(-1221.5, 339.2, 774.9),
    Vector3.new(-1221.3, 340.0, 781.4),
    Vector3.new(-1221.1, 340.9, 788.0),
    Vector3.new(-1220.9, 341.8, 794.7),
    Vector3.new(-1220.8, 342.6, 801.3),
    Vector3.new(-1220.6, 343.4, 807.5),
    Vector3.new(-1220.4, 344.3, 814.0),
    Vector3.new(-1220.2, 345.1, 820.5),
    Vector3.new(-1220.0, 346.0, 827.3),
    Vector3.new(-1219.8, 347.1, 835.8),
    Vector3.new(-1226.4, 347.7, 836.1),
    Vector3.new(-1233.1, 348.3, 836.5),
    Vector3.new(-1239.6, 348.8, 836.8),
    Vector3.new(-1246.3, 349.4, 837.2),
    Vector3.new(-1249.8, 349.9, 837.4),
    Vector3.new(-1253.3, 350.3, 837.5),
    Vector3.new(-1256.7, 350.8, 837.7),
    Vector3.new(-1260.4, 351.2, 837.9),
    Vector3.new(-1263.7, 351.7, 838.0),
    Vector3.new(-1267.2, 352.1, 838.2),
    Vector3.new(-1270.8, 352.6, 838.3),
    Vector3.new(-1274.4, 353.0, 838.5),
    Vector3.new(-1277.9, 353.5, 838.7),
    Vector3.new(-1281.4, 354.0, 838.8),
    Vector3.new(-1284.9, 354.4, 839.0),
    Vector3.new(-1288.3, 354.9, 839.1),
    Vector3.new(-1291.9, 355.3, 839.3),
    Vector3.new(-1295.4, 355.8, 839.5),
    Vector3.new(-1298.9, 356.2, 839.6),
    Vector3.new(-1302.4, 356.7, 839.8),
    Vector3.new(-1305.8, 357.1, 840.0),
    Vector3.new(-1309.4, 357.6, 840.1),
    Vector3.new(-1312.9, 358.0, 840.3),
    Vector3.new(-1316.4, 358.5, 840.4),
    Vector3.new(-1319.9, 359.0, 840.6),
    Vector3.new(-1323.4, 359.4, 840.8),
    Vector3.new(-1326.8, 359.9, 840.9),
    Vector3.new(-1330.4, 360.3, 841.1),
    Vector3.new(-1333.9, 360.8, 841.3),
    Vector3.new(-1337.3, 361.2, 841.4),
    Vector3.new(-1340.9, 361.7, 841.6),
    Vector3.new(-1344.8, 362.2, 841.8),
    Vector3.new(-1348.4, 362.7, 841.9),
    Vector3.new(-1351.9, 363.1, 842.1),
    Vector3.new(-1355.4, 363.6, 842.2),
    Vector3.new(-1358.9, 364.0, 842.4),
    Vector3.new(-1362.6, 364.5, 842.6),
    Vector3.new(-1369.5, 365.4, 842.9),
    Vector3.new(-1372.9, 364.7, 843.7),
    Vector3.new(-1376.4, 364.0, 844.4),
    Vector3.new(-1379.7, 363.3, 845.2),
    Vector3.new(-1383.0, 362.6, 845.9),
    Vector3.new(-1386.3, 361.9, 846.7),
    Vector3.new(-1389.7, 361.2, 847.4),
    Vector3.new(-1393.0, 360.5, 848.1),
    Vector3.new(-1398.2, 359.4, 849.3),
    Vector3.new(-1398.3, 359.8, 845.9),
    Vector3.new(-1398.4, 360.3, 842.4),
    Vector3.new(-1398.5, 360.7, 838.9),
    Vector3.new(-1398.7, 361.2, 835.1),
    Vector3.new(-1398.8, 361.6, 831.7),
    Vector3.new(-1398.9, 362.0, 828.3),
    Vector3.new(-1399.0, 362.4, 824.9),
    Vector3.new(-1399.1, 362.9, 821.4),
    Vector3.new(-1399.3, 363.3, 817.9),
    Vector3.new(-1399.4, 363.7, 814.5),
    Vector3.new(-1399.5, 364.2, 811.0),
    Vector3.new(-1399.6, 364.6, 807.4),
    Vector3.new(-1399.7, 365.1, 803.4),
    Vector3.new(-1399.9, 365.6, 799.7),
    Vector3.new(-1400.0, 366.0, 796.0),
    Vector3.new(-1400.1, 366.5, 792.1),
    Vector3.new(-1400.2, 366.9, 788.6),
    Vector3.new(-1400.4, 367.5, 784.1),
    Vector3.new(-1400.5, 367.9, 780.6),
    Vector3.new(-1400.6, 368.4, 777.0),
    Vector3.new(-1400.7, 368.8, 773.5),
    Vector3.new(-1400.9, 369.2, 769.9),
    Vector3.new(-1401.0, 369.7, 766.3),
    Vector3.new(-1401.1, 370.1, 762.7),
    Vector3.new(-1401.2, 370.6, 759.1),
    Vector3.new(-1401.4, 371.1, 755.2),
    Vector3.new(-1401.5, 371.5, 751.7),
    Vector3.new(-1401.6, 371.9, 748.1),
    Vector3.new(-1401.7, 372.4, 744.5),
    Vector3.new(-1401.8, 372.8, 741.0),
    Vector3.new(-1402.0, 373.3, 737.4),
    Vector3.new(-1402.1, 373.7, 733.8),
    Vector3.new(-1402.2, 374.2, 730.2),
    Vector3.new(-1402.4, 374.9, 724.3),
    Vector3.new(-1402.4, 378.6, 724.3),
    Vector3.new(-1402.4, 382.4, 724.3),
    Vector3.new(-1402.4, 386.3, 724.3),
    Vector3.new(-1402.4, 390.0, 724.3),
    Vector3.new(-1402.4, 393.8, 724.3),
    Vector3.new(-1402.4, 397.4, 724.3),
    Vector3.new(-1402.4, 401.1, 724.3),
    Vector3.new(-1402.4, 404.8, 724.3),
    Vector3.new(-1402.4, 408.5, 724.3),
    Vector3.new(-1402.4, 412.2, 724.3),
    Vector3.new(-1402.4, 415.9, 724.3),
    Vector3.new(-1402.4, 419.5, 724.3),
    Vector3.new(-1402.4, 423.1, 724.3),
    Vector3.new(-1402.4, 426.7, 724.3),
    Vector3.new(-1402.4, 430.3, 724.3),
    Vector3.new(-1402.4, 434.1, 724.3),
    Vector3.new(-1402.4, 437.7, 724.3),
    Vector3.new(-1402.4, 441.3, 724.3),
    Vector3.new(-1402.4, 444.9, 724.3),
    Vector3.new(-1402.4, 448.5, 724.3),
    Vector3.new(-1402.4, 452.1, 724.3),
    Vector3.new(-1402.4, 455.8, 724.3),
    Vector3.new(-1402.4, 459.4, 724.3),
    Vector3.new(-1402.4, 463.2, 724.3),
    Vector3.new(-1402.4, 467.0, 724.3),
    Vector3.new(-1402.4, 470.8, 724.3),
    Vector3.new(-1402.4, 474.6, 724.3),
    Vector3.new(-1402.4, 478.3, 724.3),
    Vector3.new(-1402.4, 482.0, 724.3),
    Vector3.new(-1402.4, 485.8, 724.3),
    Vector3.new(-1402.4, 489.6, 724.3),
    Vector3.new(-1402.4, 493.4, 724.3),
    Vector3.new(-1402.4, 497.2, 724.3),
    Vector3.new(-1402.4, 500.9, 724.3),
    Vector3.new(-1402.4, 504.7, 724.3),
    Vector3.new(-1402.4, 508.4, 724.3),
    Vector3.new(-1402.4, 512.1, 724.3),
    Vector3.new(-1402.4, 516.2, 724.3),
    Vector3.new(-1402.4, 520.0, 724.3),
    Vector3.new(-1402.4, 523.8, 724.3),
    Vector3.new(-1402.4, 527.6, 724.3),
    Vector3.new(-1402.4, 531.4, 724.3),
    Vector3.new(-1402.4, 535.2, 724.3),
    Vector3.new(-1402.4, 539.4, 724.3),
    Vector3.new(-1402.4, 543.3, 724.3),
    Vector3.new(-1402.4, 547.4, 724.3),
    Vector3.new(-1402.4, 551.3, 724.3),
    Vector3.new(-1402.4, 555.4, 724.3),
    Vector3.new(-1402.4, 559.2, 724.3),
    Vector3.new(-1402.4, 564.1, 724.3),
    Vector3.new(-1402.6, 561.6, 727.0),
    Vector3.new(-1402.8, 559.1, 729.7),
    Vector3.new(-1403.0, 556.5, 732.5),
    Vector3.new(-1403.2, 554.0, 735.1),
    Vector3.new(-1403.4, 551.5, 737.9),
    Vector3.new(-1403.7, 549.0, 740.6),
    Vector3.new(-1403.9, 546.5, 743.3),
    Vector3.new(-1404.1, 544.0, 745.9),
    Vector3.new(-1404.3, 541.5, 748.6),
    Vector3.new(-1404.5, 539.0, 751.4),
    Vector3.new(-1404.9, 533.9, 756.8),
    Vector3.new(-1404.7, 533.9, 760.4),
    Vector3.new(-1404.6, 533.9, 764.3),
    Vector3.new(-1404.4, 533.9, 768.1),
    Vector3.new(-1404.2, 533.9, 772.1),
    Vector3.new(-1404.0, 533.9, 776.0),
    Vector3.new(-1403.9, 533.9, 779.7),
    Vector3.new(-1403.6, 533.9, 785.8),
    Vector3.new(-1406.3, 533.9, 788.3),
    Vector3.new(-1409.0, 533.9, 790.9),
    Vector3.new(-1412.1, 533.9, 793.8),
    Vector3.new(-1414.9, 533.9, 796.4),
    Vector3.new(-1418.3, 533.9, 799.6),
    Vector3.new(-1421.1, 533.9, 802.3),
    Vector3.new(-1423.8, 533.9, 804.8),
    Vector3.new(-1426.5, 533.9, 807.3),
    Vector3.new(-1429.4, 533.9, 810.0),
    Vector3.new(-1432.1, 533.9, 812.6),
    Vector3.new(-1434.9, 533.9, 815.2),
    Vector3.new(-1437.7, 533.9, 817.8),
    Vector3.new(-1440.4, 533.9, 820.3),
    Vector3.new(-1443.1, 533.9, 823.0),
    Vector3.new(-1445.8, 533.9, 825.5),
    Vector3.new(-1448.5, 533.9, 828.0),
    Vector3.new(-1451.3, 533.9, 830.6),
    Vector3.new(-1454.1, 533.9, 833.2),
    Vector3.new(-1456.9, 533.9, 835.9),
    Vector3.new(-1459.7, 533.9, 838.5),
    Vector3.new(-1462.4, 533.9, 841.1),
    Vector3.new(-1465.3, 533.9, 843.8),
    Vector3.new(-1468.0, 533.9, 846.4),
    Vector3.new(-1470.9, 533.9, 849.0),
    Vector3.new(-1473.6, 533.9, 851.6),
    Vector3.new(-1476.4, 533.9, 854.2),
    Vector3.new(-1479.1, 533.9, 856.8),
    Vector3.new(-1481.9, 533.9, 859.4),
    Vector3.new(-1484.7, 533.9, 862.0),
    Vector3.new(-1487.5, 533.9, 864.7),
    Vector3.new(-1490.3, 533.9, 867.3),
    Vector3.new(-1493.1, 533.9, 869.9),
    Vector3.new(-1496.0, 533.9, 872.6),
    Vector3.new(-1498.9, 533.9, 875.4),
    Vector3.new(-1501.8, 533.9, 878.1),
    Vector3.new(-1504.9, 533.9, 881.0),
    Vector3.new(-1507.9, 533.9, 883.8),
    Vector3.new(-1510.9, 533.9, 886.6),
    Vector3.new(-1514.6, 533.9, 890.1),
    Vector3.new(-1517.6, 533.9, 892.9),
    Vector3.new(-1520.5, 533.9, 895.7),
    Vector3.new(-1526.3, 533.9, 901.1),
    Vector3.new(-1529.3, 533.9, 903.9),
    Vector3.new(-1532.1, 533.9, 906.6),
    Vector3.new(-1535.0, 533.9, 909.3),
    Vector3.new(-1538.0, 533.9, 912.1),
    Vector3.new(-1540.9, 533.9, 914.8),
    Vector3.new(-1543.9, 533.9, 917.6),
    Vector3.new(-1546.7, 533.9, 920.3),
    Vector3.new(-1549.6, 533.9, 923.0),
    Vector3.new(-1552.6, 533.9, 925.9),
    Vector3.new(-1555.5, 533.9, 928.5),
    Vector3.new(-1558.3, 533.9, 931.2),
    Vector3.new(-1561.1, 533.9, 933.8),
    Vector3.new(-1564.0, 533.9, 936.6),
    Vector3.new(-1567.0, 533.9, 939.4),
    Vector3.new(-1570.4, 533.9, 942.5),
    Vector3.new(-1573.3, 533.9, 945.3),
    Vector3.new(-1576.1, 533.9, 947.9),
    Vector3.new(-1578.9, 533.9, 950.6),
    Vector3.new(-1581.7, 533.9, 953.2),
    Vector3.new(-1584.7, 533.9, 956.0),
    Vector3.new(-1587.5, 533.9, 958.6),
    Vector3.new(-1590.4, 533.9, 961.3),
    Vector3.new(-1593.3, 533.9, 964.1),
    Vector3.new(-1596.7, 533.9, 967.3),
    Vector3.new(-1599.7, 533.9, 970.1),
    Vector3.new(-1602.6, 533.9, 972.8),
    Vector3.new(-1605.5, 533.9, 975.5),
    Vector3.new(-1608.4, 533.9, 978.3),
    Vector3.new(-1611.3, 533.9, 981.0),
    Vector3.new(-1614.2, 533.9, 983.7),
    Vector3.new(-1618.1, 533.9, 987.4),
    Vector3.new(-1621.1, 533.9, 990.2),
    Vector3.new(-1624.2, 533.9, 993.1),
    Vector3.new(-1627.1, 533.9, 995.8),
    Vector3.new(-1630.1, 533.9, 998.7),
    Vector3.new(-1633.2, 533.9, 1001.6),
    Vector3.new(-1636.2, 533.9, 1004.4),
    Vector3.new(-1639.2, 533.9, 1007.2),
    Vector3.new(-1642.1, 533.9, 1010.0),
    Vector3.new(-1645.0, 533.9, 1012.7),
    Vector3.new(-1648.0, 533.9, 1015.4),
    Vector3.new(-1650.8, 533.9, 1018.1),
    Vector3.new(-1654.1, 533.9, 1021.2),
    Vector3.new(-1651.5, 533.9, 1024.2),
    Vector3.new(-1648.7, 533.9, 1027.4),
    Vector3.new(-1645.5, 533.9, 1031.1),
    Vector3.new(-1642.8, 533.9, 1034.1),
    Vector3.new(-1636.4, 533.9, 1041.4),
    Vector3.new(-1632.5, 533.9, 1046.0),
    Vector3.new(-1626.9, 533.9, 1052.3),
    Vector3.new(-1622.5, 533.9, 1057.3),
    Vector3.new(-1618.6, 533.9, 1061.8),
    Vector3.new(-1614.7, 533.9, 1066.3),
    Vector3.new(-1607.8, 533.9, 1074.2),
    Vector3.new(-1603.1, 533.9, 1079.6),
    Vector3.new(-1598.7, 533.9, 1084.6),
    Vector3.new(-1594.7, 533.9, 1089.2),
    Vector3.new(-1590.7, 533.9, 1093.7),
    Vector3.new(-1586.3, 533.9, 1098.7),
    Vector3.new(-1582.4, 533.9, 1103.3),
    Vector3.new(-1578.4, 533.9, 1107.9),
    Vector3.new(-1574.3, 533.9, 1112.5),
    Vector3.new(-1570.2, 533.9, 1117.2),
    Vector3.new(-1565.8, 533.9, 1122.3),
    Vector3.new(-1561.3, 533.9, 1127.4),
    Vector3.new(-1557.0, 533.9, 1132.3),
    Vector3.new(-1552.6, 533.9, 1137.3),
    Vector3.new(-1548.2, 533.9, 1142.4),
    Vector3.new(-1543.8, 533.9, 1147.4),
    Vector3.new(-1539.2, 533.9, 1152.7),
    Vector3.new(-1534.7, 533.9, 1157.8),
    Vector3.new(-1529.9, 533.9, 1163.3),
    Vector3.new(-1525.3, 533.9, 1168.6),
    Vector3.new(-1520.5, 533.9, 1174.1),
    Vector3.new(-1515.9, 533.9, 1179.3),
    Vector3.new(-1511.2, 533.9, 1184.7),
    Vector3.new(-1506.5, 533.9, 1190.1),
    Vector3.new(-1500.3, 533.9, 1197.2),
    Vector3.new(-1491.9, 533.9, 1206.8),
    Vector3.new(-1486.2, 533.9, 1213.4),
    Vector3.new(-1481.5, 533.9, 1218.7),
    Vector3.new(-1476.8, 533.9, 1224.1),
    Vector3.new(-1472.0, 533.9, 1229.6),
    Vector3.new(-1467.9, 533.9, 1234.3),
    Vector3.new(-1465.3, 533.9, 1237.2),
    Vector3.new(-1462.8, 533.9, 1240.1),
    Vector3.new(-1460.2, 533.9, 1243.1),
    Vector3.new(-1457.6, 533.9, 1246.1),
    Vector3.new(-1455.0, 533.9, 1249.1),
    Vector3.new(-1452.4, 533.9, 1252.1),
    Vector3.new(-1449.7, 533.9, 1255.1),
    Vector3.new(-1447.2, 533.9, 1258.0),
    Vector3.new(-1444.5, 533.9, 1261.0),
    Vector3.new(-1441.9, 533.9, 1264.0),
    Vector3.new(-1439.3, 533.9, 1267.1),
    Vector3.new(-1436.7, 533.9, 1270.0),
    Vector3.new(-1434.1, 533.9, 1273.0),
    Vector3.new(-1431.5, 533.9, 1275.9),
    Vector3.new(-1428.9, 533.9, 1278.9),
    Vector3.new(-1426.3, 533.9, 1281.9),
    Vector3.new(-1423.6, 533.9, 1285.0),
    Vector3.new(-1420.9, 533.9, 1288.0),
    Vector3.new(-1418.3, 533.9, 1291.0),
    Vector3.new(-1415.6, 533.9, 1294.1),
    Vector3.new(-1413.0, 533.9, 1297.1),
    Vector3.new(-1410.1, 533.9, 1300.4),
    Vector3.new(-1405.5, 533.9, 1305.7),
    Vector3.new(-1405.5, 534.0, 1309.7),
    Vector3.new(-1405.5, 534.0, 1313.7),
    Vector3.new(-1405.5, 534.1, 1317.8),
    Vector3.new(-1405.4, 534.2, 1321.9),
    Vector3.new(-1405.4, 534.2, 1326.0),
    Vector3.new(-1405.4, 534.3, 1329.9),
    Vector3.new(-1405.4, 534.4, 1333.9),
    Vector3.new(-1405.4, 534.4, 1338.0),
    Vector3.new(-1405.4, 534.5, 1342.0),
    Vector3.new(-1405.3, 534.6, 1346.3),
    Vector3.new(-1405.3, 534.6, 1350.5),
    Vector3.new(-1405.3, 534.7, 1354.5),
    Vector3.new(-1405.3, 534.8, 1358.5),
    Vector3.new(-1405.3, 534.8, 1362.6),
    Vector3.new(-1405.3, 534.9, 1366.8),
    Vector3.new(-1405.2, 535.0, 1371.5),
    Vector3.new(-1405.2, 535.0, 1375.7),
    Vector3.new(-1405.2, 535.1, 1379.7),
    Vector3.new(-1405.2, 535.2, 1383.9),
    Vector3.new(-1405.2, 535.2, 1388.1),
    Vector3.new(-1405.2, 535.3, 1392.1),
    Vector3.new(-1405.1, 535.4, 1396.1),
    Vector3.new(-1405.1, 535.4, 1400.2),
    Vector3.new(-1405.1, 535.5, 1404.2),
    Vector3.new(-1405.1, 535.6, 1408.2),
    Vector3.new(-1405.1, 535.6, 1412.3),
    Vector3.new(-1405.1, 535.7, 1416.4),
    Vector3.new(-1405.0, 535.8, 1420.4),
    Vector3.new(-1405.0, 535.8, 1424.5),
    Vector3.new(-1405.0, 535.9, 1428.9),
    Vector3.new(-1405.0, 536.0, 1433.0),
    Vector3.new(-1405.0, 536.0, 1437.2),
    Vector3.new(-1405.0, 536.2, 1444.7),
    Vector3.new(-1404.9, 536.3, 1453.5),
    Vector3.new(-1404.9, 536.4, 1459.9),
    Vector3.new(-1404.9, 536.5, 1466.4),
    Vector3.new(-1404.8, 536.6, 1472.7),
    Vector3.new(-1404.8, 536.7, 1479.2),
    Vector3.new(-1404.8, 536.8, 1483.4),
    Vector3.new(-1410.5, 535.3, 1481.4),
    Vector3.new(-1417.2, 533.5, 1478.9),
    Vector3.new(-1423.9, 531.8, 1476.5),
    Vector3.new(-1430.2, 530.1, 1474.2),
    Vector3.new(-1436.3, 528.5, 1472.0),
    Vector3.new(-1443.1, 526.7, 1469.6),
    Vector3.new(-1448.7, 525.3, 1467.6),
    Vector3.new(-1454.4, 523.8, 1465.5),
    Vector3.new(-1460.4, 522.2, 1463.3),
    Vector3.new(-1466.3, 520.6, 1461.2),
    Vector3.new(-1471.9, 519.1, 1459.2),
    Vector3.new(-1477.8, 517.6, 1457.1),
    Vector3.new(-1483.7, 516.1, 1454.9),
    Vector3.new(-1488.8, 514.7, 1453.1),
    Vector3.new(-1493.3, 513.5, 1451.5),
    Vector3.new(-1498.0, 512.3, 1449.8),
    Vector3.new(-1502.8, 511.0, 1448.1),
    Vector3.new(-1507.1, 509.9, 1446.5),
    Vector3.new(-1512.2, 509.9, 1446.5),
    Vector3.new(-1517.3, 509.9, 1446.5),
    Vector3.new(-1522.5, 509.9, 1446.5),
    Vector3.new(-1527.7, 509.9, 1446.5),
    Vector3.new(-1532.8, 509.9, 1446.5),
    Vector3.new(-1537.8, 509.9, 1446.5),
    Vector3.new(-1542.7, 509.9, 1446.5),
    Vector3.new(-1547.8, 509.9, 1446.5),
    Vector3.new(-1552.8, 509.9, 1446.5),
    Vector3.new(-1557.9, 509.9, 1446.5),
    Vector3.new(-1562.8, 509.9, 1446.5),
    Vector3.new(-1567.3, 509.9, 1446.5),
    Vector3.new(-1571.1, 509.9, 1446.5),
    Vector3.new(-1574.9, 509.9, 1446.5),
    Vector3.new(-1578.6, 509.9, 1446.5),
    Vector3.new(-1582.2, 509.9, 1446.5),
    Vector3.new(-1585.9, 509.9, 1446.5),
    Vector3.new(-1589.5, 509.9, 1446.5),
    Vector3.new(-1593.1, 509.9, 1446.5),
    Vector3.new(-1596.9, 509.9, 1446.5),
    Vector3.new(-1600.5, 509.9, 1446.5),
    Vector3.new(-1604.3, 509.9, 1446.5),
    Vector3.new(-1607.8, 509.9, 1446.5),
    Vector3.new(-1611.5, 509.9, 1446.5),
    Vector3.new(-1615.1, 509.9, 1446.5),
    Vector3.new(-1618.8, 509.9, 1446.6),
    Vector3.new(-1622.5, 509.9, 1446.6),
    Vector3.new(-1626.1, 509.9, 1446.6),
    Vector3.new(-1629.7, 509.9, 1446.6),
    Vector3.new(-1633.4, 509.9, 1446.6),
    Vector3.new(-1637.1, 509.9, 1446.6),
    Vector3.new(-1640.9, 509.9, 1446.6),
    Vector3.new(-1644.6, 509.9, 1446.6),
    Vector3.new(-1648.4, 509.9, 1446.6),
    Vector3.new(-1652.2, 509.9, 1446.6),
    Vector3.new(-1656.0, 509.9, 1446.6),
    Vector3.new(-1659.9, 509.9, 1446.6),
    Vector3.new(-1664.5, 509.9, 1446.6),
    Vector3.new(-1668.3, 509.9, 1446.6),
    Vector3.new(-1672.1, 509.9, 1446.6),
    Vector3.new(-1676.0, 509.9, 1446.6),
    Vector3.new(-1679.8, 509.9, 1446.6),
    Vector3.new(-1683.7, 509.9, 1446.6),
    Vector3.new(-1687.6, 509.9, 1446.6),
    Vector3.new(-1691.4, 509.9, 1446.6),
    Vector3.new(-1695.3, 509.9, 1446.6),
    Vector3.new(-1699.1, 509.9, 1446.6),
    Vector3.new(-1702.8, 509.9, 1446.6),
    Vector3.new(-1706.5, 509.9, 1446.6),
    Vector3.new(-1710.3, 509.9, 1446.6),
    Vector3.new(-1714.0, 509.9, 1446.6),
    Vector3.new(-1717.7, 509.9, 1446.6),
    Vector3.new(-1721.4, 509.9, 1446.6),
    Vector3.new(-1725.1, 509.9, 1446.6),
    Vector3.new(-1728.8, 509.9, 1446.6),
    Vector3.new(-1732.6, 509.9, 1446.6),
    Vector3.new(-1736.3, 509.9, 1446.6),
    Vector3.new(-1740.1, 509.9, 1446.6),
    Vector3.new(-1743.8, 509.9, 1446.6),
    Vector3.new(-1747.8, 509.9, 1446.6),
    Vector3.new(-1751.8, 509.9, 1446.6),
    Vector3.new(-1755.6, 509.9, 1446.6),
    Vector3.new(-1759.2, 509.9, 1446.6),
    Vector3.new(-1763.0, 509.9, 1446.6),
    Vector3.new(-1767.1, 509.9, 1446.6),
    Vector3.new(-1770.8, 509.9, 1446.6),
    Vector3.new(-1774.6, 509.9, 1446.6),
    Vector3.new(-1778.5, 509.9, 1446.6),
    Vector3.new(-1782.3, 509.9, 1446.6),
    Vector3.new(-1786.2, 509.9, 1446.6),
    Vector3.new(-1790.0, 509.9, 1446.6),
    Vector3.new(-1793.8, 509.9, 1446.6),
    Vector3.new(-1797.7, 509.9, 1446.6),
    Vector3.new(-1801.7, 509.9, 1446.6),
    Vector3.new(-1805.5, 509.9, 1446.6),
    Vector3.new(-1809.4, 509.9, 1446.6),
    Vector3.new(-1813.3, 509.9, 1446.6),
    Vector3.new(-1817.3, 509.9, 1446.6),
    Vector3.new(-1821.4, 509.9, 1446.6),
    Vector3.new(-1825.2, 509.9, 1446.6),
    Vector3.new(-1829.1, 509.9, 1446.6),
    Vector3.new(-1832.9, 509.9, 1446.6),
    Vector3.new(-1841.4, 509.9, 1446.6),
    Vector3.new(-1848.4, 509.9, 1446.7),
    Vector3.new(-1855.1, 509.9, 1446.7),
    Vector3.new(-1862.1, 509.9, 1446.7),
    Vector3.new(-1869.1, 509.9, 1446.7),
    Vector3.new(-1876.0, 509.9, 1446.7),
    Vector3.new(-1882.8, 509.9, 1446.7),
    Vector3.new(-1889.7, 509.9, 1446.7),
    Vector3.new(-1896.6, 509.9, 1446.7),
    Vector3.new(-1903.5, 509.9, 1446.7),
    Vector3.new(-1910.4, 509.9, 1446.7),
    Vector3.new(-1917.3, 509.9, 1446.7),
    Vector3.new(-1924.2, 509.9, 1446.7),
    Vector3.new(-1931.3, 509.9, 1446.7),
    Vector3.new(-1938.3, 509.9, 1446.7),
    Vector3.new(-1945.3, 509.9, 1446.7),
    Vector3.new(-1953.5, 509.9, 1446.7),
    Vector3.new(-1960.4, 509.9, 1446.8),
    Vector3.new(-1967.5, 509.9, 1446.8),
    Vector3.new(-1974.6, 509.9, 1446.9),
    Vector3.new(-1981.7, 509.9, 1447.0),
    Vector3.new(-1988.8, 509.9, 1447.0),
    Vector3.new(-1995.3, 509.9, 1447.1),
    Vector3.new(-2000.5, 509.9, 1447.2),
    Vector3.new(-2004.5, 509.9, 1447.2),
    Vector3.new(-2008.5, 509.9, 1447.2),
    Vector3.new(-2012.5, 509.9, 1447.3),
    Vector3.new(-2016.6, 509.9, 1447.3),
    Vector3.new(-2020.5, 509.9, 1447.4),
    Vector3.new(-2024.5, 509.9, 1447.4),
    Vector3.new(-2028.7, 509.9, 1447.4),
    Vector3.new(-2034.4, 509.9, 1447.5),
    Vector3.new(-2037.3, 509.0, 1450.6),
    Vector3.new(-2040.6, 507.9, 1454.0),
    Vector3.new(-2043.4, 507.0, 1457.0),
    Vector3.new(-2046.2, 506.1, 1460.0),
    Vector3.new(-2049.0, 505.2, 1463.0),
    Vector3.new(-2051.8, 504.3, 1466.0),
    Vector3.new(-2054.6, 503.4, 1468.9),
    Vector3.new(-2057.8, 502.4, 1472.3),
    Vector3.new(-2060.6, 501.4, 1475.4),
    Vector3.new(-2064.0, 500.3, 1479.0),
    Vector3.new(-2068.5, 498.9, 1483.7),
    Vector3.new(-2068.5, 494.8, 1483.7),
    Vector3.new(-2068.5, 490.7, 1483.7),
    Vector3.new(-2068.4, 486.7, 1483.7),
    Vector3.new(-2068.4, 482.7, 1483.7),
    Vector3.new(-2068.4, 478.6, 1483.7),
    Vector3.new(-2068.4, 474.5, 1483.7),
    Vector3.new(-2068.3, 470.3, 1483.7),
    Vector3.new(-2068.3, 466.4, 1483.7),
    Vector3.new(-2068.3, 462.4, 1483.7),
    Vector3.new(-2068.3, 458.2, 1483.7),
    Vector3.new(-2068.3, 454.2, 1483.7),
    Vector3.new(-2068.2, 450.2, 1483.7),
    Vector3.new(-2068.2, 443.9, 1483.7),
    Vector3.new(-2072.9, 443.9, 1483.7),
    Vector3.new(-2077.0, 444.0, 1483.7),
    Vector3.new(-2081.1, 444.0, 1483.8),
    Vector3.new(-2085.3, 444.0, 1483.8),
    Vector3.new(-2089.3, 444.1, 1483.8),
    Vector3.new(-2093.3, 444.1, 1483.8),
    Vector3.new(-2097.3, 444.1, 1483.8),
    Vector3.new(-2101.4, 444.2, 1483.8),
    Vector3.new(-2105.4, 444.2, 1483.9),
    Vector3.new(-2109.6, 444.2, 1483.9),
    Vector3.new(-2113.6, 444.3, 1483.9),
    Vector3.new(-2117.9, 444.3, 1483.9),
    Vector3.new(-2122.1, 444.4, 1483.9),
    Vector3.new(-2126.4, 444.4, 1483.9),
    Vector3.new(-2130.7, 444.4, 1484.0),
    Vector3.new(-2135.0, 444.5, 1484.0),
    Vector3.new(-2139.2, 444.5, 1484.0),
    Vector3.new(-2143.3, 445.6, 1484.0),
    Vector3.new(-2147.8, 446.8, 1484.1),
    Vector3.new(-2152.1, 447.9, 1484.1),
    Vector3.new(-2156.3, 449.1, 1484.2),
    Vector3.new(-2160.5, 450.2, 1484.2),
    Vector3.new(-2168.4, 452.3, 1484.3),
    Vector3.new(-2172.8, 451.9, 1484.3),
    Vector3.new(-2176.9, 451.6, 1484.4),
    Vector3.new(-2181.1, 451.2, 1484.4),
    Vector3.new(-2185.3, 450.8, 1484.4),
    Vector3.new(-2189.5, 450.5, 1484.4),
    Vector3.new(-2193.7, 450.1, 1484.5),
    Vector3.new(-2197.9, 449.7, 1484.5),
    Vector3.new(-2202.0, 449.4, 1484.5),
    Vector3.new(-2206.3, 449.0, 1484.5),
    Vector3.new(-2210.7, 448.6, 1484.6),
    Vector3.new(-2214.9, 448.2, 1484.6),
    Vector3.new(-2219.1, 447.9, 1484.6),
    Vector3.new(-2223.4, 447.5, 1484.7),
    Vector3.new(-2230.2, 446.9, 1484.7),
    Vector3.new(-2235.2, 446.5, 1484.7),
    Vector3.new(-2247.9, 445.3, 1484.8),
    Vector3.new(-2256.0, 444.6, 1484.9),
    Vector3.new(-2263.1, 444.0, 1484.9),
    Vector3.new(-2270.4, 443.4, 1485.0),
    Vector3.new(-2277.8, 442.7, 1485.0),
    Vector3.new(-2285.0, 442.1, 1485.0),
    Vector3.new(-2292.5, 441.5, 1485.1),
    Vector3.new(-2300.1, 440.8, 1485.1),
    Vector3.new(-2309.1, 440.0, 1485.2),
    Vector3.new(-2316.4, 441.9, 1485.1),
    Vector3.new(-2323.6, 443.8, 1485.1),
    Vector3.new(-2329.1, 445.2, 1485.0),
    Vector3.new(-2334.5, 446.6, 1485.0),
    Vector3.new(-2342.8, 448.8, 1484.9),
    Vector3.new(-2348.5, 448.5, 1484.9),
    Vector3.new(-2354.2, 448.2, 1484.8),
    Vector3.new(-2359.8, 447.9, 1484.8),
    Vector3.new(-2365.4, 447.6, 1484.7),
    Vector3.new(-2370.9, 447.4, 1484.7),
    Vector3.new(-2376.3, 447.1, 1484.6),
    Vector3.new(-2381.8, 446.8, 1484.6),
    Vector3.new(-2387.2, 446.5, 1484.5),
    Vector3.new(-2392.7, 446.3, 1484.5),
    Vector3.new(-2398.1, 446.0, 1484.4),
    Vector3.new(-2403.7, 445.7, 1484.4),
    Vector3.new(-2409.6, 445.4, 1484.3),
    Vector3.new(-2415.0, 445.1, 1484.3),
    Vector3.new(-2420.5, 444.8, 1484.2),
    Vector3.new(-2426.0, 444.6, 1484.2),
    Vector3.new(-2431.4, 444.3, 1484.1),
    Vector3.new(-2437.0, 444.0, 1484.1),
    Vector3.new(-2442.4, 443.7, 1484.0),
    Vector3.new(-2446.9, 443.5, 1484.0),
    Vector3.new(-2451.3, 443.3, 1483.9),
    Vector3.new(-2455.6, 443.0, 1483.9),
    Vector3.new(-2460.1, 442.8, 1483.9),
    Vector3.new(-2468.2, 442.4, 1483.8),
    Vector3.new(-2472.4, 443.6, 1483.8),
    Vector3.new(-2476.8, 444.9, 1483.8),
    Vector3.new(-2480.9, 446.2, 1483.9),
    Vector3.new(-2485.1, 447.4, 1483.9),
    Vector3.new(-2489.5, 448.7, 1483.9),
    Vector3.new(-2493.7, 449.9, 1483.9),
    Vector3.new(-2498.0, 451.2, 1483.9),
    Vector3.new(-2502.2, 452.4, 1484.0),
    Vector3.new(-2506.4, 453.6, 1484.0),
    Vector3.new(-2510.5, 454.9, 1484.0),
    Vector3.new(-2514.7, 456.1, 1484.0),
    Vector3.new(-2519.0, 457.4, 1484.1),
    Vector3.new(-2523.2, 458.6, 1484.1),
    Vector3.new(-2527.6, 459.9, 1484.1),
    Vector3.new(-2532.0, 461.2, 1484.1),
    Vector3.new(-2536.2, 462.4, 1484.1),
    Vector3.new(-2540.6, 463.7, 1484.2),
    Vector3.new(-2547.7, 465.8, 1484.2),
    Vector3.new(-2552.4, 465.4, 1484.2),
    Vector3.new(-2556.7, 465.0, 1484.3),
    Vector3.new(-2561.0, 464.6, 1484.3),
    Vector3.new(-2565.4, 464.2, 1484.4),
    Vector3.new(-2569.7, 463.8, 1484.4),
    Vector3.new(-2574.3, 463.4, 1484.4),
    Vector3.new(-2578.7, 463.0, 1484.5),
    Vector3.new(-2583.0, 462.7, 1484.5),
    Vector3.new(-2587.4, 462.3, 1484.5),
    Vector3.new(-2591.7, 461.9, 1484.6),
    Vector3.new(-2596.1, 461.5, 1484.6),
    Vector3.new(-2600.5, 461.1, 1484.7),
    Vector3.new(-2604.7, 460.7, 1484.7),
    Vector3.new(-2609.5, 460.3, 1484.7),
    Vector3.new(-2613.7, 459.9, 1484.8),
    Vector3.new(-2618.0, 459.5, 1484.8),
    Vector3.new(-2622.2, 459.2, 1484.8),
    Vector3.new(-2626.6, 458.8, 1484.9),
    Vector3.new(-2634.9, 458.0, 1484.9),
    Vector3.new(-2639.4, 457.6, 1485.0),
    Vector3.new(-2647.6, 456.9, 1485.1),
    Vector3.new(-2655.0, 456.2, 1485.1),
    Vector3.new(-2662.5, 455.6, 1485.2),
    Vector3.new(-2669.9, 454.9, 1485.2),
    Vector3.new(-2684.6, 453.6, 1485.4),
    Vector3.new(-2692.1, 452.9, 1485.4),
    Vector3.new(-2699.5, 452.3, 1485.5),
    Vector3.new(-2707.0, 451.6, 1485.6),
    Vector3.new(-2714.4, 450.9, 1485.6),
    Vector3.new(-2722.8, 450.2, 1485.7),
    Vector3.new(-2730.3, 451.2, 1485.8),
    Vector3.new(-2737.8, 452.1, 1485.8),
    Vector3.new(-2746.2, 453.2, 1485.9),
    Vector3.new(-2752.5, 454.0, 1485.9),
    Vector3.new(-2756.8, 454.5, 1486.0),
    Vector3.new(-2761.6, 455.1, 1486.0),
    Vector3.new(-2765.8, 455.7, 1486.0),
    Vector3.new(-2770.1, 456.2, 1486.1),
    Vector3.new(-2774.3, 456.8, 1486.1),
    Vector3.new(-2778.7, 457.3, 1486.1),
    Vector3.new(-2782.9, 457.8, 1486.2),
    Vector3.new(-2787.1, 458.4, 1486.2),
    Vector3.new(-2791.4, 458.9, 1486.2),
    Vector3.new(-2795.6, 459.5, 1486.3),
    Vector3.new(-2799.9, 460.0, 1486.3),
    Vector3.new(-2804.3, 460.6, 1486.3),
    Vector3.new(-2808.6, 461.1, 1486.4),
    Vector3.new(-2812.8, 461.6, 1486.4),
    Vector3.new(-2817.1, 462.2, 1486.4),
    Vector3.new(-2821.4, 462.7, 1486.5),
    Vector3.new(-2825.7, 463.3, 1486.5),
    Vector3.new(-2830.1, 463.8, 1486.5),
    Vector3.new(-2834.4, 464.4, 1486.6),
    Vector3.new(-2838.8, 464.9, 1486.6),
    Vector3.new(-2843.1, 465.5, 1486.6),
    Vector3.new(-2847.4, 466.0, 1486.7),
    Vector3.new(-2855.5, 467.1, 1486.7),
    Vector3.new(-2859.9, 467.6, 1486.8),
    Vector3.new(-2865.9, 468.4, 1486.8),
    Vector3.new(-2865.5, 472.7, 1486.8),
    Vector3.new(-2865.1, 477.2, 1486.9),
    Vector3.new(-2864.7, 481.8, 1486.9),
    Vector3.new(-2864.3, 486.3, 1486.9),
    Vector3.new(-2863.8, 490.9, 1486.9),
    Vector3.new(-2863.4, 495.8, 1487.0),
    Vector3.new(-2863.0, 500.6, 1487.0),
    Vector3.new(-2862.6, 505.0, 1487.0),
    Vector3.new(-2862.2, 509.5, 1487.1),
    Vector3.new(-2861.7, 514.0, 1487.1),
    Vector3.new(-2861.3, 518.4, 1487.1),
    Vector3.new(-2860.9, 522.9, 1487.1),
    Vector3.new(-2860.2, 530.9, 1487.2),
    Vector3.new(-2864.5, 531.5, 1487.1),
    Vector3.new(-2868.8, 532.1, 1487.0),
    Vector3.new(-2873.3, 532.8, 1487.0),
    Vector3.new(-2877.6, 533.4, 1486.9),
    Vector3.new(-2882.8, 534.1, 1486.8),
    Vector3.new(-2887.1, 534.7, 1486.7),
    Vector3.new(-2891.4, 535.4, 1486.6),
    Vector3.new(-2895.7, 536.0, 1486.6),
    Vector3.new(-2900.1, 536.6, 1486.5),
    Vector3.new(-2904.7, 537.3, 1486.4),
    Vector3.new(-2909.1, 537.9, 1486.3),
    Vector3.new(-2913.6, 538.6, 1486.2),
    Vector3.new(-2918.0, 539.2, 1486.2),
    Vector3.new(-2922.4, 539.8, 1486.1),
    Vector3.new(-2926.8, 540.4, 1486.0),
    Vector3.new(-2931.2, 541.1, 1485.9),
    Vector3.new(-2938.4, 542.1, 1485.8),
    Vector3.new(-2938.9, 547.1, 1485.9),
    Vector3.new(-2939.4, 552.1, 1485.9),
    Vector3.new(-2939.8, 556.5, 1486.0),
    Vector3.new(-2940.3, 560.9, 1486.0),
    Vector3.new(-2940.7, 565.4, 1486.1),
    Vector3.new(-2941.1, 569.7, 1486.2),
    Vector3.new(-2941.6, 574.1, 1486.2),
    Vector3.new(-2942.0, 578.5, 1486.3),
    Vector3.new(-2942.4, 582.8, 1486.3),
    Vector3.new(-2942.9, 587.1, 1486.4),
    Vector3.new(-2943.3, 591.5, 1486.4),
    Vector3.new(-2943.7, 595.8, 1486.5),
    Vector3.new(-2944.2, 600.1, 1486.5),
    Vector3.new(-2944.6, 604.8, 1486.6),
    Vector3.new(-2945.4, 612.5, 1486.7),
    Vector3.new(-2949.8, 612.9, 1486.6),
    Vector3.new(-2954.2, 613.2, 1486.5),
    Vector3.new(-2958.7, 613.6, 1486.5),
    Vector3.new(-2963.2, 613.9, 1486.4),
    Vector3.new(-2967.7, 614.3, 1486.3),
    Vector3.new(-2972.1, 614.7, 1486.2),
    Vector3.new(-2976.5, 615.0, 1486.1),
    Vector3.new(-2980.9, 615.4, 1486.1),
    Vector3.new(-2985.3, 615.7, 1486.0),
    Vector3.new(-2989.7, 616.1, 1485.9),
    Vector3.new(-2994.3, 616.4, 1485.8),
    Vector3.new(-2998.7, 616.8, 1485.7),
    Vector3.new(-3003.1, 617.1, 1485.6),
    Vector3.new(-3011.2, 617.8, 1485.5),
    Vector3.new(-3011.4, 622.4, 1485.5),
    Vector3.new(-3011.7, 626.8, 1485.5),
    Vector3.new(-3011.9, 631.3, 1485.5),
    Vector3.new(-3012.1, 635.7, 1485.5),
    Vector3.new(-3012.4, 640.6, 1485.5),
    Vector3.new(-3012.6, 645.1, 1485.5),
    Vector3.new(-3012.9, 650.9, 1485.5),
    Vector3.new(-3013.2, 655.4, 1485.5),
    Vector3.new(-3013.4, 660.4, 1485.6),
    Vector3.new(-3013.7, 664.8, 1485.6),
    Vector3.new(-3013.9, 669.3, 1485.6),
    Vector3.new(-3014.2, 673.7, 1485.6),
    Vector3.new(-3014.4, 678.2, 1485.6),
    Vector3.new(-3014.6, 682.6, 1485.6),
    Vector3.new(-3014.9, 687.2, 1485.6),
    Vector3.new(-3015.2, 693.6, 1485.6),
    Vector3.new(-3019.4, 692.2, 1485.7),
    Vector3.new(-3023.6, 690.8, 1485.9),
    Vector3.new(-3027.9, 689.4, 1486.0),
    Vector3.new(-3032.2, 688.0, 1486.1),
    Vector3.new(-3036.4, 686.6, 1486.3),
    Vector3.new(-3043.5, 684.2, 1486.5),
    Vector3.new(-3050.8, 681.8, 1486.7),
    Vector3.new(-3058.0, 679.5, 1486.9),
    Vector3.new(-3065.1, 677.1, 1487.2),
    Vector3.new(-3072.3, 674.7, 1487.4),
    Vector3.new(-3076.3, 673.4, 1487.5),
    Vector3.new(-3082.2, 673.4, 1487.4),
    Vector3.new(-3088.1, 673.4, 1487.4),
    Vector3.new(-3093.8, 673.4, 1487.3),
    Vector3.new(-3099.7, 673.4, 1487.3),
    Vector3.new(-3105.7, 673.4, 1487.2),
    Vector3.new(-3111.6, 673.4, 1487.2),
    Vector3.new(-3117.5, 673.4, 1487.1),
    Vector3.new(-3123.5, 673.4, 1487.1),
    Vector3.new(-3129.4, 673.4, 1487.0),
    Vector3.new(-3134.9, 673.4, 1487.0),
    Vector3.new(-3139.8, 673.4, 1486.9),
    Vector3.new(-3144.7, 673.4, 1486.9),
    Vector3.new(-3149.6, 673.4, 1486.8),
    Vector3.new(-3154.3, 673.4, 1486.8),
    Vector3.new(-3159.2, 673.4, 1486.7),
    Vector3.new(-3164.1, 673.4, 1486.7),
    Vector3.new(-3169.2, 673.4, 1486.7),
    Vector3.new(-3174.0, 673.4, 1486.6),
    Vector3.new(-3178.9, 673.4, 1486.6),
    Vector3.new(-3183.7, 673.4, 1486.5),
    Vector3.new(-3188.7, 673.4, 1486.5),
    Vector3.new(-3193.8, 673.4, 1486.4),
    Vector3.new(-3198.7, 673.4, 1486.4),
    Vector3.new(-3203.8, 673.4, 1486.3),
    Vector3.new(-3209.0, 673.4, 1486.3),
    Vector3.new(-3214.1, 673.4, 1486.2),
    Vector3.new(-3219.6, 673.4, 1486.2),
    Vector3.new(-3224.5, 673.4, 1486.2),
    Vector3.new(-3229.5, 673.4, 1486.2),
    Vector3.new(-3234.5, 673.5, 1486.2),
    Vector3.new(-3239.6, 673.5, 1486.2),
    Vector3.new(-3243.8, 673.5, 1486.2),
    Vector3.new(-3248.8, 672.8, 1486.2),
    Vector3.new(-3255.2, 672.0, 1486.2),
    Vector3.new(-3261.6, 671.1, 1486.2),
    Vector3.new(-3267.2, 670.4, 1486.1),
    Vector3.new(-3272.8, 669.6, 1486.1),
    Vector3.new(-3278.3, 668.9, 1486.1),
    Vector3.new(-3284.6, 668.0, 1486.1),
    Vector3.new(-3290.8, 667.2, 1486.1),
    Vector3.new(-3295.8, 666.5, 1486.1),
    Vector3.new(-3301.0, 665.8, 1486.0),
    Vector3.new(-3306.7, 665.0, 1486.0),
    Vector3.new(-3312.4, 664.3, 1486.0),
    Vector3.new(-3317.4, 663.6, 1486.0),
    Vector3.new(-3322.8, 662.9, 1486.0),
    Vector3.new(-3328.7, 662.1, 1486.0),
    Vector3.new(-3333.7, 661.4, 1486.0),
    Vector3.new(-3338.7, 660.7, 1485.9),
    Vector3.new(-3344.0, 660.0, 1485.9),
    Vector3.new(-3349.7, 659.3, 1485.9),
    Vector3.new(-3354.7, 658.6, 1485.9),
    Vector3.new(-3359.7, 657.9, 1485.9),
    Vector3.new(-3364.8, 657.2, 1485.9),
    Vector3.new(-3370.5, 656.5, 1485.9),
    Vector3.new(-3375.6, 655.8, 1485.8),
    Vector3.new(-3380.6, 655.1, 1485.8),
    Vector3.new(-3385.8, 654.4, 1485.8),
    Vector3.new(-3392.6, 653.5, 1485.8),
    Vector3.new(-3397.6, 652.8, 1485.8),
    Vector3.new(-3402.5, 652.1, 1485.8),
    Vector3.new(-3407.6, 651.3, 1485.7),
    Vector3.new(-3413.3, 650.5, 1485.7),
    Vector3.new(-3418.4, 649.7, 1485.7),
    Vector3.new(-3423.6, 649.0, 1485.7),
    Vector3.new(-3428.7, 648.2, 1485.7),
    Vector3.new(-3434.4, 647.4, 1485.6),
    Vector3.new(-3443.0, 646.1, 1485.6),
    Vector3.new(-3451.2, 644.9, 1485.6),
    Vector3.new(-3460.1, 643.6, 1485.6),
    Vector3.new(-3468.2, 642.5, 1485.5),
    Vector3.new(-3476.6, 641.2, 1485.5),
    Vector3.new(-3485.3, 640.0, 1485.5),
    Vector3.new(-3493.5, 638.8, 1485.4),
    Vector3.new(-3502.7, 637.4, 1485.4),
    Vector3.new(-3512.2, 636.0, 1485.4),
    Vector3.new(-3517.8, 635.2, 1485.3),
    Vector3.new(-3523.0, 634.4, 1485.3),
    Vector3.new(-3528.8, 633.6, 1485.3),
    Vector3.new(-3533.9, 632.9, 1485.3),
    Vector3.new(-3538.8, 632.1, 1485.3),
    Vector3.new(-3544.1, 631.4, 1485.2),
    Vector3.new(-3549.9, 630.5, 1485.2),
    Vector3.new(-3555.2, 629.7, 1485.2),
    Vector3.new(-3560.3, 629.0, 1485.2),
    Vector3.new(-3565.5, 628.2, 1485.2),
    Vector3.new(-3571.3, 627.4, 1485.1),
    Vector3.new(-3576.4, 626.6, 1485.1),
    Vector3.new(-3581.4, 625.9, 1485.1),
    Vector3.new(-3586.7, 625.1, 1485.1),
    Vector3.new(-3592.4, 624.3, 1485.1),
    Vector3.new(-3597.5, 623.6, 1485.0),
    Vector3.new(-3602.7, 622.8, 1485.0),
    Vector3.new(-3607.9, 622.0, 1485.0),
    Vector3.new(-3613.7, 621.2, 1485.0),
    Vector3.new(-3618.8, 620.4, 1485.0),
    Vector3.new(-3623.9, 619.7, 1485.0),
    Vector3.new(-3629.3, 618.9, 1484.9),
    Vector3.new(-3637.6, 617.7, 1484.9),
    Vector3.new(-3642.8, 617.7, 1485.2),
    Vector3.new(-3647.8, 617.7, 1485.6),
    Vector3.new(-3653.1, 617.7, 1485.9),
    Vector3.new(-3659.0, 617.7, 1486.3),
    Vector3.new(-3664.3, 617.7, 1486.7),
    Vector3.new(-3669.7, 617.7, 1486.7),
    Vector3.new(-3675.4, 617.7, 1486.7),
    Vector3.new(-3681.3, 617.7, 1486.7),
    Vector3.new(-3686.3, 617.7, 1486.7),
    Vector3.new(-3691.4, 617.7, 1486.7),
    Vector3.new(-3696.7, 617.7, 1486.7),
    Vector3.new(-3702.6, 617.7, 1486.7),
    Vector3.new(-3707.6, 617.7, 1486.7),
    Vector3.new(-3713.3, 617.7, 1486.7),
    Vector3.new(-3718.6, 617.7, 1486.7),
    Vector3.new(-3724.3, 617.7, 1486.7),
    Vector3.new(-3729.3, 617.7, 1486.7),
    Vector3.new(-3734.4, 617.7, 1486.7),
    Vector3.new(-3739.8, 617.7, 1486.7),
    Vector3.new(-3751.5, 617.7, 1486.7),
    Vector3.new(-3756.9, 617.7, 1486.7),
    Vector3.new(-3762.1, 617.7, 1486.7),
    Vector3.new(-3767.8, 617.7, 1486.7),
    Vector3.new(-3772.9, 617.7, 1486.7),
    Vector3.new(-3778.0, 617.7, 1486.7),
    Vector3.new(-3783.2, 617.7, 1486.6),
    Vector3.new(-3789.1, 617.7, 1486.6),
    Vector3.new(-3794.2, 617.7, 1486.6),
    Vector3.new(-3799.3, 617.7, 1486.6),
    Vector3.new(-3804.5, 617.7, 1486.6),
    Vector3.new(-3810.3, 617.7, 1486.6),
    Vector3.new(-3815.4, 617.7, 1486.6),
    Vector3.new(-3820.5, 617.7, 1486.6),
    Vector3.new(-3825.6, 617.7, 1486.6),
    Vector3.new(-3831.4, 617.7, 1486.6),
    Vector3.new(-3836.8, 617.7, 1486.6),
    Vector3.new(-3844.6, 617.7, 1486.6),
    Vector3.new(-3851.8, 617.7, 1486.6),
    Vector3.new(-3858.0, 617.7, 1486.6),
    Vector3.new(-3864.3, 617.7, 1486.6),
    Vector3.new(-3871.2, 617.7, 1486.6),
    Vector3.new(-3877.4, 617.7, 1486.6),
    Vector3.new(-3883.7, 617.7, 1486.6),
    Vector3.new(-3890.1, 617.7, 1486.6),
    Vector3.new(-3896.6, 617.7, 1486.6),
    Vector3.new(-3902.7, 617.7, 1486.6),
    Vector3.new(-3907.7, 617.7, 1486.6),
    Vector3.new(-3912.6, 617.7, 1486.6),
    Vector3.new(-3917.6, 617.7, 1486.6),
    Vector3.new(-3922.5, 617.7, 1486.6),
    Vector3.new(-3927.5, 617.7, 1486.6),
    Vector3.new(-3932.5, 617.7, 1486.6),
    Vector3.new(-3937.4, 617.7, 1486.6),
    Vector3.new(-3942.3, 617.7, 1486.6),
    Vector3.new(-3947.3, 617.7, 1486.6),
    Vector3.new(-3952.2, 617.7, 1486.6),
    Vector3.new(-3957.2, 617.7, 1486.6),
    Vector3.new(-3962.1, 617.7, 1486.6),
    Vector3.new(-3967.1, 617.7, 1486.6),
    Vector3.new(-3972.2, 617.7, 1486.6),
    Vector3.new(-3977.4, 617.7, 1486.6),
    Vector3.new(-3982.6, 617.7, 1486.6),
    Vector3.new(-3987.6, 617.7, 1486.6),
    Vector3.new(-3992.6, 617.7, 1486.6),
    Vector3.new(-3997.6, 617.7, 1486.6),
    Vector3.new(-4002.5, 617.7, 1486.6),
    Vector3.new(-4007.5, 617.7, 1486.6),
    Vector3.new(-4012.5, 617.7, 1486.6),
    Vector3.new(-4017.5, 617.7, 1486.5),
    Vector3.new(-4022.4, 617.7, 1486.5),
    Vector3.new(-4027.2, 617.7, 1486.5),
    Vector3.new(-4032.3, 617.7, 1486.5),
    Vector3.new(-4037.3, 617.7, 1486.5),
    Vector3.new(-4042.2, 617.7, 1486.5),
    Vector3.new(-4047.2, 617.7, 1486.5),
    Vector3.new(-4052.2, 617.7, 1486.5),
    Vector3.new(-4057.2, 617.7, 1486.5),
    Vector3.new(-4064.2, 617.7, 1486.5),
    Vector3.new(-4069.3, 617.7, 1486.5),
    Vector3.new(-4074.3, 617.7, 1486.5),
    Vector3.new(-4079.2, 617.7, 1486.5),
    Vector3.new(-4084.2, 617.7, 1486.5),
    Vector3.new(-4089.4, 617.7, 1486.5),
    Vector3.new(-4094.4, 617.7, 1486.5),
    Vector3.new(-4099.6, 617.7, 1486.5),
    Vector3.new(-4104.6, 617.7, 1486.5),
    Vector3.new(-4110.6, 617.7, 1486.5),
    Vector3.new(-4116.4, 617.7, 1486.5),
    Vector3.new(-4121.6, 617.7, 1486.5),
    Vector3.new(-4126.6, 617.7, 1486.5),
    Vector3.new(-4134.4, 617.7, 1486.5),
    Vector3.new(-4139.6, 617.6, 1486.3),
    Vector3.new(-4144.8, 617.5, 1486.2),
    Vector3.new(-4149.9, 617.4, 1486.0),
    Vector3.new(-4155.1, 617.3, 1485.8),
    Vector3.new(-4160.8, 617.1, 1485.6),
    Vector3.new(-4166.0, 617.0, 1485.4),
    Vector3.new(-4171.3, 616.9, 1485.3),
    Vector3.new(-4176.4, 616.8, 1485.1),
    Vector3.new(-4181.3, 616.8, 1486.8),
    Vector3.new(-4186.3, 616.9, 1488.5),
    Vector3.new(-4191.2, 616.9, 1490.2),
    Vector3.new(-4196.1, 617.0, 1491.8),
    Vector3.new(-4201.1, 617.0, 1493.5),
    Vector3.new(-4206.0, 617.0, 1495.2),
    Vector3.new(-4210.7, 617.1, 1496.8),
    Vector3.new(-4215.8, 617.1, 1498.6),
    Vector3.new(-4221.3, 617.2, 1500.5),
    Vector3.new(-4226.3, 617.2, 1502.2),
    Vector3.new(-4231.7, 617.3, 1504.1),
    Vector3.new(-4236.9, 617.3, 1505.8),
    Vector3.new(-4245.8, 617.4, 1508.9),
    Vector3.new(-4253.8, 617.4, 1511.6),
    Vector3.new(-4262.5, 617.5, 1514.6),
    Vector3.new(-4270.9, 617.6, 1517.5),
    Vector3.new(-4278.2, 617.6, 1520.0),
    Vector3.new(-4284.6, 617.7, 1522.2),
    Vector3.new(-4290.2, 617.7, 1524.1),
    Vector3.new(-4295.2, 617.8, 1525.8),
    Vector3.new(-4300.7, 617.8, 1527.7),
    Vector3.new(-4305.8, 617.9, 1529.4),
    Vector3.new(-4311.4, 617.9, 1531.3),
    Vector3.new(-4316.8, 618.0, 1533.2),
    Vector3.new(-4322.8, 618.0, 1535.2),
    Vector3.new(-4327.7, 618.0, 1536.9),
    Vector3.new(-4333.5, 618.1, 1538.9),
    Vector3.new(-4338.6, 618.1, 1540.7),
    Vector3.new(-4344.3, 618.2, 1542.6),
    Vector3.new(-4349.3, 618.2, 1544.3),
    Vector3.new(-4358.0, 618.3, 1547.3),
    Vector3.new(-4363.5, 618.2, 1548.1),
    Vector3.new(-4369.7, 618.1, 1549.0),
    Vector3.new(-4375.3, 618.0, 1549.8),
    Vector3.new(-4381.5, 617.9, 1550.7),
    Vector3.new(-4387.3, 617.8, 1551.5),
    Vector3.new(-4391.6, 617.7, 1552.1),
    Vector3.new(-4396.7, 617.7, 1549.4),
    Vector3.new(-4402.6, 617.8, 1546.3),
    Vector3.new(-4407.7, 617.8, 1543.6),
    Vector3.new(-4413.4, 617.8, 1540.6),
    Vector3.new(-4418.4, 617.9, 1538.0),
    Vector3.new(-4423.6, 617.9, 1535.3),
    Vector3.new(-4428.4, 617.9, 1532.8),
    Vector3.new(-4433.6, 618.0, 1530.0),
    Vector3.new(-4438.5, 618.0, 1527.5),
    Vector3.new(-4443.9, 618.0, 1524.6),
    Vector3.new(-4449.4, 618.1, 1521.7),
    Vector3.new(-4454.6, 618.1, 1519.0),
    Vector3.new(-4459.2, 618.1, 1516.5),
    Vector3.new(-4464.4, 618.2, 1513.8),
    Vector3.new(-4469.1, 618.2, 1511.3),
    Vector3.new(-4474.4, 618.2, 1508.6),
    Vector3.new(-4479.2, 618.3, 1506.0),
    Vector3.new(-4484.4, 618.3, 1503.3),
    Vector3.new(-4489.2, 618.3, 1500.8),
    Vector3.new(-4494.4, 618.4, 1498.0),
    Vector3.new(-4499.1, 618.4, 1495.5),
    Vector3.new(-4504.4, 618.4, 1492.8),
    Vector3.new(-4509.0, 618.4, 1490.3),
    Vector3.new(-4514.2, 618.5, 1487.6),
    Vector3.new(-4519.0, 618.5, 1485.1),
    Vector3.new(-4524.4, 618.5, 1482.2),
    Vector3.new(-4529.0, 618.6, 1479.8),
    Vector3.new(-4534.3, 618.6, 1477.0),
    Vector3.new(-4538.9, 618.6, 1474.6),
    Vector3.new(-4544.1, 618.7, 1471.9),
    Vector3.new(-4548.7, 618.7, 1469.4),
    Vector3.new(-4553.3, 618.7, 1467.0),
    Vector3.new(-4557.8, 618.8, 1464.7),
    Vector3.new(-4562.3, 618.8, 1462.3),
    Vector3.new(-4566.9, 618.8, 1459.9),
    Vector3.new(-4571.4, 618.8, 1457.5),
    Vector3.new(-4575.9, 618.9, 1455.2),
    Vector3.new(-4580.4, 618.9, 1452.8),
    Vector3.new(-4584.8, 618.9, 1450.5),
    Vector3.new(-4589.3, 619.0, 1448.1),
    Vector3.new(-4595.2, 619.0, 1445.0),
    Vector3.new(-4600.3, 618.8, 1444.8),
    Vector3.new(-4605.4, 618.6, 1444.5),
    Vector3.new(-4610.7, 618.4, 1444.3),
    Vector3.new(-4615.8, 618.2, 1444.0),
    Vector3.new(-4620.9, 617.9, 1443.8),
    Vector3.new(-4626.8, 617.7, 1443.5),
    Vector3.new(-4631.4, 617.7, 1446.3),
    Vector3.new(-4636.1, 617.7, 1449.2),
    Vector3.new(-4643.6, 617.7, 1453.8),
    Vector3.new(-4650.6, 617.8, 1458.1),
    Vector3.new(-4657.6, 617.8, 1462.4),
    Vector3.new(-4664.6, 617.8, 1466.7),
    Vector3.new(-4671.7, 617.8, 1471.0),
    Vector3.new(-4678.9, 617.8, 1475.4),
    Vector3.new(-4685.9, 617.9, 1479.7),
    Vector3.new(-4694.0, 617.9, 1484.7),
    Vector3.new(-4701.7, 617.9, 1489.4),
    Vector3.new(-4709.3, 617.9, 1494.0),
    Vector3.new(-4717.0, 617.9, 1498.8),
    Vector3.new(-4724.2, 618.0, 1503.2),
    Vector3.new(-4728.8, 618.0, 1506.0),
    Vector3.new(-4733.3, 618.0, 1508.8),
    Vector3.new(-4737.8, 618.0, 1511.5),
    Vector3.new(-4742.6, 618.0, 1514.5),
    Vector3.new(-4747.4, 618.0, 1517.4),
    Vector3.new(-4752.0, 618.0, 1520.3),
    Vector3.new(-4756.6, 618.1, 1523.1),
    Vector3.new(-4761.2, 618.1, 1525.9),
    Vector3.new(-4765.7, 618.1, 1528.6),
    Vector3.new(-4770.4, 618.1, 1531.5),
    Vector3.new(-4775.0, 618.1, 1534.3),
    Vector3.new(-4779.6, 618.1, 1537.2),
    Vector3.new(-4784.2, 618.1, 1540.0),
    Vector3.new(-4788.8, 618.1, 1542.8),
    Vector3.new(-4793.3, 618.2, 1545.5),
    Vector3.new(-4797.9, 618.2, 1548.4),
    Vector3.new(-4802.6, 618.2, 1551.3),
    Vector3.new(-4808.4, 618.2, 1554.8),
    Vector3.new(-4813.6, 618.1, 1554.1),
    Vector3.new(-4819.0, 618.0, 1553.4),
    Vector3.new(-4824.1, 617.9, 1552.8),
    Vector3.new(-4829.4, 617.8, 1552.1),
    Vector3.new(-4834.7, 617.7, 1551.4),
    Vector3.new(-4840.9, 617.6, 1550.6),
    Vector3.new(-4845.2, 617.5, 1547.6),
    Vector3.new(-4849.6, 617.4, 1544.7),
    Vector3.new(-4854.0, 617.3, 1541.7),
    Vector3.new(-4858.4, 617.2, 1538.7),
    Vector3.new(-4862.8, 617.1, 1535.7),
    Vector3.new(-4867.2, 617.0, 1532.7),
    Vector3.new(-4871.7, 616.9, 1529.6),
    Vector3.new(-4876.1, 616.8, 1526.6),
    Vector3.new(-4880.6, 616.7, 1523.6),
    Vector3.new(-4884.9, 616.6, 1520.6),
    Vector3.new(-4889.5, 616.5, 1517.5),
    Vector3.new(-4893.9, 616.4, 1514.5),
    Vector3.new(-4898.4, 616.3, 1511.4),
    Vector3.new(-4902.7, 616.2, 1508.5),
    Vector3.new(-4908.9, 616.1, 1504.3),
    Vector3.new(-4913.6, 616.0, 1501.1),
    Vector3.new(-4918.3, 615.9, 1497.9),
    Vector3.new(-4923.1, 615.8, 1494.6),
    Vector3.new(-4928.1, 615.7, 1491.2),
    Vector3.new(-4936.0, 615.5, 1485.8),
    Vector3.new(-4942.2, 615.9, 1485.9),
    Vector3.new(-4947.8, 616.3, 1486.1),
    Vector3.new(-4953.3, 616.6, 1486.2),
    Vector3.new(-4959.0, 617.0, 1486.3),
    Vector3.new(-4964.5, 617.3, 1486.5),
    Vector3.new(-4970.4, 617.7, 1486.6),
    Vector3.new(-4976.4, 618.2, 1486.5),
    Vector3.new(-4982.0, 618.6, 1486.4),
    Vector3.new(-4987.5, 619.1, 1486.3),
    Vector3.new(-4993.0, 619.5, 1486.2),
    Vector3.new(-4998.6, 619.9, 1486.2),
    Vector3.new(-5004.7, 620.4, 1486.1),
    Vector3.new(-5010.5, 620.9, 1486.0),
    Vector3.new(-5016.3, 621.3, 1485.9),
    Vector3.new(-5021.9, 621.8, 1485.8),
    Vector3.new(-5028.1, 622.2, 1485.7),
    Vector3.new(-5033.8, 622.7, 1485.6),
    Vector3.new(-5039.7, 623.2, 1485.5),
    Vector3.new(-5049.7, 624.0, 1485.3),
    Vector3.new(-5060.5, 624.8, 1485.2),
    Vector3.new(-5071.8, 625.7, 1485.0),
    Vector3.new(-5080.4, 625.7, 1485.0),
    Vector3.new(-5089.6, 625.7, 1485.0),
    Vector3.new(-5098.7, 625.7, 1485.0),
    Vector3.new(-5107.7, 625.7, 1485.0),
    Vector3.new(-5114.8, 625.7, 1485.0),
    Vector3.new(-5120.3, 625.7, 1485.0),
    Vector3.new(-5125.8, 625.6, 1484.9),
    Vector3.new(-5131.3, 625.6, 1484.9),
    Vector3.new(-5137.0, 625.6, 1484.9),
    Vector3.new(-5142.8, 625.6, 1484.9),
    Vector3.new(-5148.6, 625.6, 1484.9),
    Vector3.new(-5154.6, 625.6, 1484.9),
    Vector3.new(-5160.6, 625.6, 1484.9),
    Vector3.new(-5166.4, 625.6, 1484.9),
    Vector3.new(-5170.5, 625.6, 1484.9),
    Vector3.new(-5170.7, 631.1, 1484.6),
    Vector3.new(-5170.9, 636.7, 1484.3),
    Vector3.new(-5171.0, 642.4, 1484.0),
    Vector3.new(-5171.2, 647.9, 1483.7),
    Vector3.new(-5171.4, 653.4, 1483.4),
    Vector3.new(-5171.6, 658.8, 1483.1),
    Vector3.new(-5171.8, 664.3, 1482.8),
    Vector3.new(-5171.9, 669.9, 1482.5),
    Vector3.new(-5172.1, 674.9, 1482.2),
    Vector3.new(-5177.6, 675.5, 1482.3),
    Vector3.new(-5183.5, 676.2, 1482.5),
    Vector3.new(-5189.1, 676.9, 1482.6),
    Vector3.new(-5194.9, 677.6, 1482.7),
    Vector3.new(-5201.2, 678.3, 1482.9),
    Vector3.new(-5206.9, 679.0, 1483.0),
    Vector3.new(-5212.7, 679.7, 1483.1),
    Vector3.new(-5218.3, 680.3, 1483.2),
    Vector3.new(-5223.8, 681.0, 1483.4),
    Vector3.new(-5230.4, 681.7, 1483.5),
    Vector3.new(-5236.7, 682.5, 1483.7),
    Vector3.new(-5243.1, 683.2, 1483.8),
    Vector3.new(-5247.1, 683.7, 1483.9),
    Vector3.new(-5253.6, 684.3, 1483.7),
    Vector3.new(-5259.3, 684.9, 1483.6),
    Vector3.new(-5264.9, 685.5, 1483.4),
    Vector3.new(-5270.6, 686.0, 1483.3),
    Vector3.new(-5276.2, 686.6, 1483.1),
    Vector3.new(-5281.8, 687.1, 1483.0),
    Vector3.new(-5287.5, 687.7, 1482.8),
    Vector3.new(-5293.2, 688.2, 1482.7),
    Vector3.new(-5298.8, 688.8, 1482.5),
    Vector3.new(-5304.4, 689.3, 1482.4),
    Vector3.new(-5310.1, 689.9, 1482.2),
    Vector3.new(-5315.7, 690.5, 1482.0),
    Vector3.new(-5321.4, 691.0, 1481.9),
    Vector3.new(-5326.9, 691.5, 1481.7),
    Vector3.new(-5332.4, 692.1, 1481.6),
    Vector3.new(-5338.0, 692.6, 1481.4),
    Vector3.new(-5343.7, 693.2, 1481.3),
    Vector3.new(-5350.8, 693.9, 1481.1),
    Vector3.new(-5350.7, 699.6, 1481.1),
    Vector3.new(-5350.6, 705.3, 1481.0),
    Vector3.new(-5350.5, 710.9, 1481.0),
    Vector3.new(-5350.3, 716.5, 1481.0),
    Vector3.new(-5350.2, 722.3, 1480.9),
    Vector3.new(-5350.1, 729.1, 1480.9),
    Vector3.new(-5355.7, 729.8, 1480.9),
    Vector3.new(-5361.4, 730.6, 1480.9),
    Vector3.new(-5367.1, 731.4, 1480.8),
    Vector3.new(-5372.8, 732.1, 1480.8),
    Vector3.new(-5378.5, 732.9, 1480.8),
    Vector3.new(-5384.2, 733.6, 1480.8),
    Vector3.new(-5390.0, 734.4, 1480.7),
    Vector3.new(-5395.6, 735.2, 1480.7),
    Vector3.new(-5401.1, 735.9, 1480.7),
    Vector3.new(-5406.6, 737.3, 1480.8),
    Vector3.new(-5412.2, 738.8, 1480.9),
    Vector3.new(-5417.7, 740.2, 1480.9),
    Vector3.new(-5423.6, 741.8, 1481.0),
    Vector3.new(-5429.0, 743.2, 1481.1),
    Vector3.new(-5434.7, 743.6, 1481.2),
    Vector3.new(-5444.1, 744.2, 1481.5),
    Vector3.new(-5452.9, 744.8, 1481.7),
    Vector3.new(-5461.7, 745.4, 1481.9),
    Vector3.new(-5472.1, 746.1, 1482.2),
    Vector3.new(-5481.6, 746.7, 1482.4),
    Vector3.new(-5490.9, 747.3, 1482.6),
    Vector3.new(-5514.9, 748.9, 1483.2),
    Vector3.new(-5524.7, 749.6, 1483.5),
    Vector3.new(-5529.8, 749.9, 1483.6),
    Vector3.new(-5529.7, 756.1, 1484.1),
    Vector3.new(-5529.6, 762.2, 1484.5),
    Vector3.new(-5529.5, 768.3, 1485.0),
    Vector3.new(-5529.4, 774.4, 1485.4),
    Vector3.new(-5529.2, 780.5, 1485.9),
    Vector3.new(-5529.1, 786.6, 1486.3),
    Vector3.new(-5529.0, 794.3, 1486.9),
    Vector3.new(-5535.1, 794.4, 1486.6),
    Vector3.new(-5541.2, 794.5, 1486.4),
    Vector3.new(-5547.3, 794.6, 1486.1),
    Vector3.new(-5553.5, 794.7, 1485.9),
    Vector3.new(-5559.7, 794.8, 1485.6),
    Vector3.new(-5565.8, 794.8, 1485.3),
    Vector3.new(-5572.1, 794.9, 1485.1),
    Vector3.new(-5578.2, 795.0, 1484.8),
    Vector3.new(-5583.2, 795.1, 1484.6),
    Vector3.new(-5589.1, 796.7, 1484.8),
    Vector3.new(-5595.1, 798.2, 1485.0),
    Vector3.new(-5601.0, 799.8, 1485.2),
    Vector3.new(-5606.9, 801.4, 1485.4),
    Vector3.new(-5614.7, 803.4, 1485.7),
    Vector3.new(-5620.8, 804.1, 1485.8),
    Vector3.new(-5627.1, 804.9, 1485.9),
    Vector3.new(-5633.4, 805.7, 1485.9),
    Vector3.new(-5639.5, 806.4, 1486.0),
    Vector3.new(-5645.6, 807.1, 1486.1),
    Vector3.new(-5651.8, 807.9, 1486.2),
    Vector3.new(-5658.0, 808.6, 1486.2),
    Vector3.new(-5664.0, 809.4, 1486.3),
    Vector3.new(-5670.7, 810.2, 1486.4),
    Vector3.new(-5676.9, 810.9, 1486.5),
    Vector3.new(-5683.0, 811.7, 1486.6),
    Vector3.new(-5689.1, 812.4, 1486.6),
    Vector3.new(-5695.5, 813.2, 1486.7),
    Vector3.new(-5701.8, 813.9, 1486.8),
    Vector3.new(-5710.7, 815.0, 1486.9),
    Vector3.new(-5711.5, 821.5, 1486.8),
    Vector3.new(-5712.4, 827.9, 1486.6),
    Vector3.new(-5713.2, 834.1, 1486.5),
    Vector3.new(-5714.0, 840.4, 1486.4),
    Vector3.new(-5714.8, 846.8, 1486.2),
    Vector3.new(-5715.6, 853.1, 1486.1),
    Vector3.new(-5721.8, 853.0, 1486.2),
    Vector3.new(-5727.9, 852.9, 1486.3),
    Vector3.new(-5734.2, 852.8, 1486.4),
    Vector3.new(-5743.4, 852.7, 1486.6),
    Vector3.new(-5750.0, 852.6, 1487.0),
    Vector3.new(-5756.3, 852.6, 1487.4),
    Vector3.new(-5762.5, 852.5, 1487.8),
    Vector3.new(-5768.7, 852.5, 1488.2),
    Vector3.new(-5775.5, 852.4, 1488.6),
    Vector3.new(-5782.0, 852.4, 1489.0),
    Vector3.new(-5788.4, 852.3, 1489.5),
    Vector3.new(-5795.0, 852.3, 1489.9),
    Vector3.new(-5802.0, 852.2, 1490.3),
    Vector3.new(-5808.6, 852.2, 1490.7),
    Vector3.new(-5815.2, 852.1, 1491.1),
    Vector3.new(-5821.7, 852.0, 1491.6),
    Vector3.new(-5829.4, 852.0, 1492.1),
    Vector3.new(-5836.7, 851.9, 1492.5),
    Vector3.new(-5847.8, 851.8, 1493.2),
    Vector3.new(-5857.6, 851.7, 1493.8),
    Vector3.new(-5863.3, 851.7, 1494.2),
    Vector3.new(-5869.9, 851.7, 1487.1),
    Vector3.new(-5876.6, 851.7, 1479.9),
    Vector3.new(-5883.0, 851.8, 1473.0),
    Vector3.new(-5890.2, 851.8, 1465.2),
    Vector3.new(-5897.3, 851.8, 1457.6),
    Vector3.new(-5904.4, 851.8, 1450.0),
    Vector3.new(-5911.1, 851.9, 1442.8),
    Vector3.new(-5918.3, 851.9, 1435.0),
    Vector3.new(-5925.8, 851.9, 1426.9),
    Vector3.new(-5931.6, 851.9, 1420.7),
    Vector3.new(-5936.3, 852.0, 1415.6),
    Vector3.new(-5941.0, 852.0, 1410.6),
    Vector3.new(-5945.7, 852.0, 1405.5),
    Vector3.new(-5950.4, 852.0, 1400.5),
    Vector3.new(-5955.0, 852.0, 1395.5),
    Vector3.new(-5959.5, 852.0, 1390.6),
    Vector3.new(-5964.5, 852.1, 1385.3),
    Vector3.new(-5969.1, 852.1, 1380.4),
    Vector3.new(-5973.7, 852.1, 1375.4),
    Vector3.new(-5977.5, 852.1, 1371.3),
    Vector3.new(-5982.4, 852.1, 1376.2),
    Vector3.new(-5987.4, 852.1, 1381.2),
    Vector3.new(-5992.2, 852.1, 1386.0),
    Vector3.new(-5997.1, 852.2, 1390.9),
    Vector3.new(-6002.0, 852.2, 1395.8),
    Vector3.new(-6006.9, 852.2, 1400.7),
    Vector3.new(-6011.7, 852.2, 1405.5),
    Vector3.new(-6017.0, 852.2, 1410.8),
    Vector3.new(-6022.4, 852.2, 1416.2),
    Vector3.new(-6027.2, 852.2, 1421.0),
    Vector3.new(-6032.1, 852.2, 1425.9),
    Vector3.new(-6036.8, 852.3, 1430.7),
    Vector3.new(-6041.6, 852.3, 1435.4),
    Vector3.new(-6046.3, 852.3, 1440.1),
    Vector3.new(-6051.2, 852.3, 1445.0),
    Vector3.new(-6056.3, 852.3, 1450.1),
    Vector3.new(-6061.1, 852.3, 1455.0),
    Vector3.new(-6066.1, 852.3, 1459.9),
    Vector3.new(-6071.0, 852.4, 1464.9),
    Vector3.new(-6076.0, 852.4, 1469.8),
    Vector3.new(-6080.9, 852.4, 1474.8),
    Vector3.new(-6085.8, 852.4, 1479.6),
    Vector3.new(-6090.7, 852.4, 1484.6),
    Vector3.new(-6095.4, 852.4, 1489.3),
    Vector3.new(-6100.4, 852.4, 1494.3),
    Vector3.new(-6105.3, 852.4, 1499.1),
    Vector3.new(-6110.1, 852.5, 1504.0),
    Vector3.new(-6116.6, 852.5, 1510.5),
    Vector3.new(-6122.0, 852.5, 1515.9),
    Vector3.new(-6127.7, 852.5, 1521.5),
    Vector3.new(-6132.5, 852.5, 1526.4),
    Vector3.new(-6137.2, 852.5, 1531.1),
    Vector3.new(-6142.0, 852.5, 1535.9),
    Vector3.new(-6146.8, 852.6, 1540.7),
    Vector3.new(-6154.7, 852.6, 1548.6),
    Vector3.new(-6160.1, 852.6, 1554.0),
    Vector3.new(-6165.0, 852.6, 1558.8),
    Vector3.new(-6169.6, 852.6, 1563.5),
    Vector3.new(-6174.4, 852.6, 1568.3),
    Vector3.new(-6179.1, 852.6, 1573.0),
    Vector3.new(-6183.8, 852.7, 1577.7),
    Vector3.new(-6188.8, 852.7, 1582.7),
    Vector3.new(-6193.6, 852.7, 1587.5),
    Vector3.new(-6198.9, 852.7, 1592.8),
    Vector3.new(-6203.6, 852.7, 1588.2),
    Vector3.new(-6208.5, 852.7, 1583.5),
    Vector3.new(-6213.3, 852.7, 1578.8),
    Vector3.new(-6218.1, 852.7, 1574.2),
    Vector3.new(-6223.0, 852.7, 1569.4),
    Vector3.new(-6228.2, 852.7, 1564.5),
    Vector3.new(-6235.4, 852.7, 1557.4),
    Vector3.new(-6242.9, 852.7, 1550.2),
    Vector3.new(-6250.6, 852.7, 1542.7),
    Vector3.new(-6257.8, 852.7, 1535.8),
    Vector3.new(-6265.1, 852.7, 1528.7),
    Vector3.new(-6272.5, 852.7, 1521.6),
    Vector3.new(-6279.7, 852.7, 1514.5),
    Vector3.new(-6287.0, 852.7, 1507.5),
    Vector3.new(-6294.9, 852.7, 1499.9),
    Vector3.new(-6301.1, 852.7, 1493.9),
    Vector3.new(-6306.3, 852.7, 1488.9),
    Vector3.new(-6311.5, 852.7, 1483.8),
    Vector3.new(-6317.0, 852.7, 1478.5),
    Vector3.new(-6322.0, 852.7, 1473.6),
    Vector3.new(-6327.2, 852.7, 1468.6),
    Vector3.new(-6332.1, 852.7, 1463.9),
    Vector3.new(-6337.0, 852.7, 1459.1),
    Vector3.new(-6342.2, 852.7, 1454.1),
    Vector3.new(-6347.0, 852.7, 1449.4),
    Vector3.new(-6351.9, 852.7, 1444.6),
    Vector3.new(-6356.9, 852.7, 1439.8),
    Vector3.new(-6361.9, 852.7, 1435.0),
    Vector3.new(-6366.9, 852.7, 1430.2),
    Vector3.new(-6372.0, 852.7, 1425.2),
    Vector3.new(-6377.4, 852.7, 1420.0),
    Vector3.new(-6382.7, 852.7, 1414.8),
    Vector3.new(-6388.1, 852.7, 1409.6),
    Vector3.new(-6393.1, 852.7, 1404.8),
    Vector3.new(-6398.0, 852.7, 1400.0),
    Vector3.new(-6402.9, 852.7, 1395.3),
    Vector3.new(-6408.5, 852.7, 1389.9),
    Vector3.new(-6413.5, 852.7, 1385.1),
    Vector3.new(-6418.4, 852.7, 1380.3),
    Vector3.new(-6423.3, 852.7, 1375.5),
    Vector3.new(-6428.2, 852.7, 1370.8),
    Vector3.new(-6433.0, 852.7, 1375.8),
    Vector3.new(-6437.7, 852.7, 1380.7),
    Vector3.new(-6443.2, 852.7, 1386.4),
    Vector3.new(-6448.1, 852.7, 1391.5),
    Vector3.new(-6453.0, 852.7, 1396.7),
    Vector3.new(-6457.8, 852.7, 1401.6),
    Vector3.new(-6462.6, 852.7, 1406.6),
    Vector3.new(-6467.4, 852.7, 1411.7),
    Vector3.new(-6472.4, 852.7, 1416.8),
    Vector3.new(-6477.2, 852.7, 1421.9),
    Vector3.new(-6482.1, 852.7, 1426.9),
    Vector3.new(-6487.0, 852.8, 1432.0),
    Vector3.new(-6491.9, 852.8, 1437.2),
    Vector3.new(-6496.8, 852.8, 1442.3),
    Vector3.new(-6501.7, 852.8, 1447.4),
    Vector3.new(-6507.1, 852.8, 1453.0),
    Vector3.new(-6512.0, 852.8, 1458.1),
    Vector3.new(-6516.9, 852.8, 1463.2),
    Vector3.new(-6521.8, 852.8, 1468.3),
    Vector3.new(-6526.6, 852.8, 1473.3),
    Vector3.new(-6531.3, 852.8, 1478.2),
    Vector3.new(-6536.2, 852.8, 1483.3),
    Vector3.new(-6543.5, 852.8, 1490.9),
    Vector3.new(-6550.5, 852.8, 1490.4),
    Vector3.new(-6557.4, 852.8, 1489.9),
    Vector3.new(-6564.5, 852.8, 1489.5),
    Vector3.new(-6572.0, 852.8, 1488.9),
    Vector3.new(-6580.3, 852.8, 1488.4),
    Vector3.new(-6587.3, 852.8, 1487.9),
    Vector3.new(-6594.7, 852.8, 1487.4),
    Vector3.new(-6602.1, 852.9, 1486.9),
    Vector3.new(-6609.3, 852.9, 1486.4),
    Vector3.new(-6616.4, 852.9, 1485.9),
    Vector3.new(-6623.7, 852.9, 1485.4),
    Vector3.new(-6630.8, 852.9, 1484.9),
    Vector3.new(-6638.0, 852.9, 1484.4),
    Vector3.new(-6648.4, 852.9, 1483.7),
    Vector3.new(-6655.2, 852.9, 1483.2),
    Vector3.new(-6657.9, 852.0, 1473.3),
    Vector3.new(-6660.5, 851.0, 1463.6),
    Vector3.new(-6662.0, 850.5, 1457.8),
    Vector3.new(-6662.0, 852.8, 1457.8)
}
