local Waypoints = {
    Vector3.new(-1453.5, -158.0, -999.7),
    Vector3.new(-1453.5, -158.0, -997.1),
    Vector3.new(-1453.6, -158.0, -993.9),
    Vector3.new(-1453.6, -158.1, -990.7),
    Vector3.new(-1453.7, -158.1, -987.5),
    Vector3.new(-1453.7, -158.1, -984.2),
    Vector3.new(-1453.8, -158.2, -977.7),
    Vector3.new(-1453.9, -158.3, -972.5),
    Vector3.new(-1454.0, -158.3, -967.1),
    Vector3.new(-1454.1, -158.4, -961.2),
    Vector3.new(-1454.2, -158.5, -955.6),
    Vector3.new(-1454.3, -158.5, -950.2),
    Vector3.new(-1454.4, -158.6, -944.8),
    Vector3.new(-1454.5, -158.6, -939.3),
    Vector3.new(-1454.6, -158.7, -933.7),
    Vector3.new(-1454.7, -158.8, -928.1),
    Vector3.new(-1454.7, -158.8, -925.8),
    Vector3.new(-1454.7, -158.8, -923.8),
    Vector3.new(-1454.8, -158.8, -921.7),
    Vector3.new(-1454.8, -158.9, -918.3),
    Vector3.new(-1454.9, -158.9, -916.2),
    Vector3.new(-1454.9, -158.9, -912.6),
    Vector3.new(-1455.0, -159.0, -909.2),
    Vector3.new(-1455.0, -159.0, -907.1),
    Vector3.new(-1455.0, -159.0, -905.1),
    Vector3.new(-1455.1, -159.0, -901.6),
    Vector3.new(-1455.1, -159.1, -899.5),
    Vector3.new(-1455.2, -159.1, -897.5),
    Vector3.new(-1455.2, -159.1, -894.0),
    Vector3.new(-1455.3, -159.2, -891.9),
    Vector3.new(-1455.3, -159.2, -889.9),
    Vector3.new(-1455.4, -159.2, -886.1),
    Vector3.new(-1455.4, -159.2, -884.1),
    Vector3.new(-1455.4, -159.3, -881.8),
    Vector3.new(-1455.5, -159.3, -878.3),
    Vector3.new(-1455.6, -159.3, -874.8),
    Vector3.new(-1455.6, -159.4, -872.7),
    Vector3.new(-1455.6, -159.4, -870.6),
    Vector3.new(-1455.7, -159.4, -868.5),
    Vector3.new(-1455.7, -159.4, -866.5),
    Vector3.new(-1455.8, -159.5, -860.3),
    Vector3.new(-1454.0, -159.5, -861.3),
    Vector3.new(-1452.1, -159.5, -862.2),
    Vector3.new(-1450.3, -159.5, -863.1),
    Vector3.new(-1448.5, -159.5, -864.1),
    Vector3.new(-1446.7, -159.5, -865.0),
    Vector3.new(-1444.8, -159.5, -866.0),
    Vector3.new(-1443.0, -159.5, -866.9),
    Vector3.new(-1441.0, -159.5, -868.0),
    Vector3.new(-1436.7, -159.5, -870.2),
    Vector3.new(-1436.4, -159.3, -868.0),
    Vector3.new(-1436.1, -159.1, -865.9),
    Vector3.new(-1435.8, -158.9, -863.7),
    Vector3.new(-1435.5, -158.7, -861.6),
    Vector3.new(-1435.2, -158.5, -859.4),
    Vector3.new(-1434.9, -158.3, -857.3),
    Vector3.new(-1434.6, -158.1, -855.1),
    Vector3.new(-1434.3, -157.9, -852.9),
    Vector3.new(-1434.0, -157.7, -850.5),
    Vector3.new(-1433.7, -157.5, -848.4),
    Vector3.new(-1433.4, -157.3, -845.9),
    Vector3.new(-1433.1, -157.1, -843.7),
    Vector3.new(-1432.8, -156.9, -841.6),
    Vector3.new(-1432.5, -156.7, -839.4),
    Vector3.new(-1431.7, -156.2, -833.8),
    Vector3.new(-1431.7, -155.5, -831.6),
    Vector3.new(-1431.7, -154.8, -829.4),
    Vector3.new(-1431.7, -154.1, -827.1),
    Vector3.new(-1431.6, -153.4, -825.0),
    Vector3.new(-1431.6, -152.8, -822.9),
    Vector3.new(-1431.6, -152.1, -820.8),
    Vector3.new(-1431.6, -151.5, -818.8),
    Vector3.new(-1431.6, -150.9, -816.8),
    Vector3.new(-1431.6, -150.2, -814.9),
    Vector3.new(-1431.6, -149.6, -812.8),
    Vector3.new(-1431.6, -149.0, -810.7),
    Vector3.new(-1431.6, -148.3, -808.7),
    Vector3.new(-1431.5, -147.7, -806.7),
    Vector3.new(-1431.5, -147.0, -804.7),
    Vector3.new(-1431.5, -146.4, -802.6),
    Vector3.new(-1431.5, -145.8, -800.6),
    Vector3.new(-1431.5, -145.1, -798.6),
    Vector3.new(-1431.5, -144.5, -796.6),
    Vector3.new(-1431.5, -143.9, -794.6),
    Vector3.new(-1431.5, -143.2, -792.6),
    Vector3.new(-1431.4, -142.6, -790.5),
    Vector3.new(-1431.4, -141.9, -788.4),
    Vector3.new(-1431.4, -141.3, -786.2),
    Vector3.new(-1431.4, -140.6, -784.1),
    Vector3.new(-1431.4, -139.9, -782.1),
    Vector3.new(-1431.4, -139.3, -780.0),
    Vector3.new(-1431.4, -138.7, -778.0),
    Vector3.new(-1431.4, -138.1, -776.1),
    Vector3.new(-1431.3, -137.4, -774.1),
    Vector3.new(-1431.3, -136.7, -771.8),
    Vector3.new(-1431.3, -135.8, -769.0),
    Vector3.new(-1431.3, -135.2, -767.0),
    Vector3.new(-1431.3, -134.6, -765.0),
    Vector3.new(-1431.3, -133.9, -762.8),
    Vector3.new(-1431.3, -133.2, -760.6),
    Vector3.new(-1431.3, -132.5, -758.5),
    Vector3.new(-1431.2, -131.9, -756.4),
    Vector3.new(-1431.2, -131.2, -754.3),
    Vector3.new(-1431.2, -130.6, -752.3),
    Vector3.new(-1431.2, -129.9, -750.2),
    Vector3.new(-1431.2, -129.3, -748.3),
    Vector3.new(-1431.2, -128.7, -746.2),
    Vector3.new(-1431.2, -128.0, -744.2),
    Vector3.new(-1431.2, -127.4, -742.1),
    Vector3.new(-1431.1, -126.7, -740.0),
    Vector3.new(-1431.1, -126.1, -738.0),
    Vector3.new(-1431.1, -125.4, -735.9),
    Vector3.new(-1431.1, -124.2, -732.0),
    Vector3.new(-1431.1, -123.6, -730.0),
    Vector3.new(-1431.1, -122.9, -728.0),
    Vector3.new(-1431.1, -122.3, -726.0),
    Vector3.new(-1431.1, -121.6, -723.8),
    Vector3.new(-1431.1, -121.0, -721.7),
    Vector3.new(-1431.1, -120.3, -719.6),
    Vector3.new(-1431.1, -119.7, -717.6),
    Vector3.new(-1431.1, -119.0, -715.4),
    Vector3.new(-1431.1, -118.4, -713.4),
    Vector3.new(-1431.1, -117.7, -711.4),
    Vector3.new(-1431.1, -117.1, -709.4),
    Vector3.new(-1431.1, -116.5, -707.4),
    Vector3.new(-1431.1, -115.8, -705.3),
    Vector3.new(-1431.1, -115.2, -703.3),
    Vector3.new(-1431.1, -114.5, -701.2),
    Vector3.new(-1431.1, -113.9, -699.2),
    Vector3.new(-1431.1, -113.1, -696.8),
    Vector3.new(-1431.1, -112.5, -694.7),
    Vector3.new(-1431.1, -111.8, -692.6),
    Vector3.new(-1431.1, -111.2, -690.6),
    Vector3.new(-1431.1, -110.5, -688.5),
    Vector3.new(-1431.1, -109.9, -686.4),
    Vector3.new(-1431.1, -109.2, -684.3),
    Vector3.new(-1431.1, -108.6, -682.2),
    Vector3.new(-1431.2, -107.9, -680.1),
    Vector3.new(-1431.2, -107.3, -678.1),
    Vector3.new(-1431.2, -106.6, -676.0),
    Vector3.new(-1431.2, -105.9, -673.9),
    Vector3.new(-1431.2, -105.3, -671.8),
    Vector3.new(-1431.2, -104.6, -669.5),
    Vector3.new(-1431.2, -103.8, -666.9),
    Vector3.new(-1431.2, -103.1, -664.7),
    Vector3.new(-1431.2, -102.4, -662.6),
    Vector3.new(-1431.2, -101.8, -660.6),
    Vector3.new(-1431.2, -101.0, -658.3),
    Vector3.new(-1431.2, -100.4, -656.2),
    Vector3.new(-1431.2, -99.7, -654.1),
    Vector3.new(-1431.2, -99.0, -651.7),
    Vector3.new(-1431.2, -98.4, -649.7),
    Vector3.new(-1431.2, -97.7, -647.6),
    Vector3.new(-1431.2, -97.0, -645.6),
    Vector3.new(-1431.2, -96.4, -643.5),
    Vector3.new(-1431.2, -95.7, -641.3),
    Vector3.new(-1431.2, -95.1, -639.2),
    Vector3.new(-1431.2, -94.4, -637.0),
    Vector3.new(-1431.2, -92.5, -631.1),
    Vector3.new(-1431.1, -92.0, -628.9),
    Vector3.new(-1431.0, -91.4, -626.8),
    Vector3.new(-1430.9, -90.9, -624.5),
    Vector3.new(-1430.8, -90.4, -622.4),
    Vector3.new(-1430.8, -89.9, -620.3),
    Vector3.new(-1430.7, -89.4, -618.2),
    Vector3.new(-1430.6, -88.8, -616.0),
    Vector3.new(-1430.5, -88.3, -613.7),
    Vector3.new(-1430.4, -87.7, -611.5),
    Vector3.new(-1430.3, -87.2, -609.3),
    Vector3.new(-1430.2, -86.7, -607.2),
    Vector3.new(-1430.1, -86.2, -605.0),
    Vector3.new(-1430.1, -85.6, -602.8),
    Vector3.new(-1430.0, -85.1, -600.7),
    Vector3.new(-1429.9, -84.6, -598.5),
    Vector3.new(-1429.8, -84.1, -596.4),
    Vector3.new(-1429.7, -83.5, -594.1),
    Vector3.new(-1429.6, -82.9, -591.6),
    Vector3.new(-1429.5, -82.3, -589.4),
    Vector3.new(-1429.4, -81.7, -586.7),
    Vector3.new(-1429.3, -81.1, -584.2),
    Vector3.new(-1429.2, -80.5, -581.8),
    Vector3.new(-1429.0, -79.0, -575.4),
    Vector3.new(-1428.7, -77.7, -570.3),
    Vector3.new(-1428.5, -76.5, -565.1),
    Vector3.new(-1428.3, -75.0, -559.3),
    Vector3.new(-1428.1, -73.7, -553.8),
    Vector3.new(-1427.9, -72.3, -548.2),
    Vector3.new(-1427.6, -71.0, -542.7),
    Vector3.new(-1427.4, -69.6, -536.8),
    Vector3.new(-1427.2, -68.4, -532.0),
    Vector3.new(-1432.8, -68.4, -528.8),
    Vector3.new(-1438.3, -68.4, -525.6),
    Vector3.new(-1444.1, -68.4, -522.3),
    Vector3.new(-1449.8, -68.4, -519.1),
    Vector3.new(-1455.0, -68.4, -516.1),
    Vector3.new(-1454.9, -68.4, -512.1),
    Vector3.new(-1454.8, -68.4, -509.5),
    Vector3.new(-1454.8, -68.3, -507.0),
    Vector3.new(-1454.7, -68.3, -504.5),
    Vector3.new(-1454.7, -68.3, -502.0),
    Vector3.new(-1454.6, -68.3, -499.4),
    Vector3.new(-1454.5, -68.3, -495.7),
    Vector3.new(-1454.3, -68.2, -486.4),
    Vector3.new(-1454.2, -68.2, -483.0),
    Vector3.new(-1454.2, -68.2, -480.5),
    Vector3.new(-1454.1, -68.2, -477.6),
    Vector3.new(-1454.0, -68.1, -475.0),
    Vector3.new(-1454.0, -68.1, -472.5),
    Vector3.new(-1453.9, -68.1, -470.1),
    Vector3.new(-1453.8, -68.1, -467.6),
    Vector3.new(-1453.8, -68.1, -465.0),
    Vector3.new(-1453.7, -68.1, -462.4),
    Vector3.new(-1453.7, -68.0, -459.9),
    Vector3.new(-1453.6, -68.0, -457.4),
    Vector3.new(-1453.5, -68.0, -454.9),
    Vector3.new(-1453.5, -68.0, -452.2),
    Vector3.new(-1453.4, -68.0, -449.7),
    Vector3.new(-1453.4, -68.0, -447.1),
    Vector3.new(-1453.3, -68.0, -444.5),
    Vector3.new(-1453.2, -67.9, -441.9),
    Vector3.new(-1453.1, -67.9, -436.4),
    Vector3.new(-1453.1, -67.2, -433.8),
    Vector3.new(-1453.2, -66.6, -431.3),
    Vector3.new(-1453.2, -66.0, -428.8),
    Vector3.new(-1453.3, -65.4, -426.4),
    Vector3.new(-1453.3, -64.8, -424.0),
    Vector3.new(-1453.3, -64.2, -421.6),
    Vector3.new(-1453.4, -63.6, -419.1),
    Vector3.new(-1453.4, -62.9, -416.6),
    Vector3.new(-1453.5, -62.3, -414.2),
    Vector3.new(-1453.5, -61.7, -411.7),
    Vector3.new(-1453.5, -61.1, -409.2),
    Vector3.new(-1453.6, -60.5, -406.7),
    Vector3.new(-1453.6, -59.9, -404.3),
    Vector3.new(-1453.6, -59.3, -401.9),
    Vector3.new(-1453.7, -58.6, -399.4),
    Vector3.new(-1453.7, -58.0, -396.9),
    Vector3.new(-1453.8, -56.8, -392.0),
    Vector3.new(-1453.8, -56.8, -389.5),
    Vector3.new(-1453.8, -56.7, -386.8),
    Vector3.new(-1453.8, -56.7, -384.2),
    Vector3.new(-1453.7, -56.7, -381.5),
    Vector3.new(-1453.7, -56.7, -378.9),
    Vector3.new(-1453.7, -56.6, -376.1),
    Vector3.new(-1453.7, -56.6, -373.4),
    Vector3.new(-1453.7, -56.6, -370.6),
    Vector3.new(-1453.7, -56.5, -368.1),
    Vector3.new(-1453.7, -56.5, -365.5),
    Vector3.new(-1453.7, -56.5, -363.0),
    Vector3.new(-1453.6, -56.5, -360.5),
    Vector3.new(-1453.6, -56.4, -358.0),
    Vector3.new(-1453.6, -56.4, -355.4),
    Vector3.new(-1453.6, -56.4, -352.9),
    Vector3.new(-1453.6, -56.3, -350.4),
    Vector3.new(-1453.6, -56.3, -347.9),
    Vector3.new(-1453.6, -56.3, -345.0),
    Vector3.new(-1453.6, -56.3, -342.6),
    Vector3.new(-1453.5, -56.2, -340.1),
    Vector3.new(-1453.5, -56.2, -337.6),
    Vector3.new(-1453.5, -56.2, -335.2),
    Vector3.new(-1453.5, -56.1, -332.8),
    Vector3.new(-1453.5, -56.1, -330.3),
    Vector3.new(-1453.5, -56.1, -327.8),
    Vector3.new(-1453.5, -56.1, -325.3),
    Vector3.new(-1453.5, -56.0, -322.6),
    Vector3.new(-1453.4, -56.0, -320.2),
    Vector3.new(-1453.4, -56.0, -317.8),
    Vector3.new(-1453.4, -56.0, -315.3),
    Vector3.new(-1453.4, -55.9, -310.3),
    Vector3.new(-1453.4, -55.9, -307.9),
    Vector3.new(-1453.4, -55.9, -305.5),
    Vector3.new(-1453.4, -55.9, -302.9),
    Vector3.new(-1453.4, -55.9, -300.5),
    Vector3.new(-1453.4, -55.9, -298.1),
    Vector3.new(-1453.4, -55.9, -295.7),
    Vector3.new(-1453.4, -55.9, -293.2),
    Vector3.new(-1453.4, -55.9, -290.8),
    Vector3.new(-1453.4, -55.9, -288.3),
    Vector3.new(-1453.4, -55.9, -285.8),
    Vector3.new(-1453.4, -55.9, -283.4),
    Vector3.new(-1453.4, -55.9, -280.9),
    Vector3.new(-1453.4, -55.9, -278.4),
    Vector3.new(-1453.4, -55.9, -276.0),
    Vector3.new(-1453.4, -55.9, -273.6),
    Vector3.new(-1453.4, -55.9, -271.1),
    Vector3.new(-1453.4, -55.9, -268.7),
    Vector3.new(-1453.4, -55.9, -266.1),
    Vector3.new(-1453.4, -55.9, -263.6),
    Vector3.new(-1453.5, -55.9, -260.9),
    Vector3.new(-1453.5, -55.9, -258.4),
    Vector3.new(-1453.5, -55.9, -255.9),
    Vector3.new(-1453.5, -55.9, -253.5),
    Vector3.new(-1453.5, -55.9, -251.1),
    Vector3.new(-1453.5, -55.9, -248.6),
    Vector3.new(-1453.5, -55.9, -246.2),
    Vector3.new(-1453.5, -55.9, -243.8),
    Vector3.new(-1453.5, -55.9, -241.4),
    Vector3.new(-1453.5, -55.9, -238.9),
    Vector3.new(-1453.5, -56.0, -236.6),
    Vector3.new(-1453.5, -56.0, -234.2),
    Vector3.new(-1453.5, -56.0, -231.8),
    Vector3.new(-1453.5, -56.0, -229.4),
    Vector3.new(-1453.5, -56.0, -227.1),
    Vector3.new(-1453.5, -56.0, -224.5),
    Vector3.new(-1453.5, -56.0, -222.1),
    Vector3.new(-1453.5, -56.0, -219.6),
    Vector3.new(-1453.5, -56.0, -217.2),
    Vector3.new(-1453.5, -56.0, -214.6),
    Vector3.new(-1453.5, -56.0, -212.2),
    Vector3.new(-1453.5, -56.0, -209.9),
    Vector3.new(-1453.5, -56.0, -207.4),
    Vector3.new(-1453.5, -56.0, -205.0),
    Vector3.new(-1453.5, -56.0, -202.5),
    Vector3.new(-1453.5, -56.0, -200.2),
    Vector3.new(-1453.5, -56.0, -197.8),
    Vector3.new(-1453.5, -56.0, -195.0),
    Vector3.new(-1453.5, -56.0, -192.3),
    Vector3.new(-1453.5, -56.0, -189.9),
    Vector3.new(-1453.5, -56.0, -187.3),
    Vector3.new(-1453.5, -56.0, -184.9),
    Vector3.new(-1453.5, -56.0, -182.5),
    Vector3.new(-1453.5, -56.0, -175.0),
    Vector3.new(-1453.5, -56.0, -169.5),
    Vector3.new(-1453.6, -56.0, -164.0),
    Vector3.new(-1453.6, -56.0, -158.2),
    Vector3.new(-1453.6, -56.0, -152.6),
    Vector3.new(-1453.6, -56.0, -147.1),
    Vector3.new(-1453.6, -56.0, -141.3),
    Vector3.new(-1453.6, -56.0, -135.6),
    Vector3.new(-1453.6, -56.0, -130.0),
    Vector3.new(-1453.6, -56.0, -124.4),
    Vector3.new(-1453.6, -56.0, -118.8),
    Vector3.new(-1453.6, -56.0, -112.6),
    Vector3.new(-1453.6, -56.0, -104.8),
    Vector3.new(-1453.6, -56.0, -98.7),
    Vector3.new(-1453.6, -56.0, -92.7),
    Vector3.new(-1453.6, -56.1, -86.5),
    Vector3.new(-1453.6, -56.1, -80.4),
    Vector3.new(-1453.6, -56.1, -71.9),
    Vector3.new(-1453.7, -56.1, -65.8),
    Vector3.new(-1453.7, -56.1, -59.6),
    Vector3.new(-1453.7, -56.1, -53.5),
    Vector3.new(-1453.7, -56.1, -47.2),
    Vector3.new(-1453.7, -56.1, -43.0),
    Vector3.new(-1453.7, -56.1, -40.3),
    Vector3.new(-1453.7, -56.1, -37.9),
    Vector3.new(-1453.7, -56.1, -35.4),
    Vector3.new(-1453.7, -56.1, -32.8),
    Vector3.new(-1453.7, -56.1, -30.3),
    Vector3.new(-1453.7, -56.1, -27.7),
    Vector3.new(-1453.7, -56.1, -25.2),
    Vector3.new(-1453.7, -56.1, -19.3),
    Vector3.new(-1453.7, -56.1, -16.8),
    Vector3.new(-1453.7, -56.1, -14.2),
    Vector3.new(-1453.7, -56.1, -11.6),
    Vector3.new(-1453.7, -56.1, -9.0),
    Vector3.new(-1453.7, -56.1, -6.4),
    Vector3.new(-1453.7, -56.1, -3.8),
    Vector3.new(-1453.7, -56.1, -1.2),
    Vector3.new(-1453.7, -56.1, 1.4),
    Vector3.new(-1453.7, -56.1, 4.0),
    Vector3.new(-1453.7, -56.1, 6.6),
    Vector3.new(-1453.7, -56.0, 9.2),
    Vector3.new(-1453.7, -56.0, 11.9),
    Vector3.new(-1453.7, -56.0, 14.5),
    Vector3.new(-1453.7, -56.0, 17.0),
    Vector3.new(-1453.7, -56.0, 19.6),
    Vector3.new(-1453.7, -56.0, 22.2),
    Vector3.new(-1453.7, -56.0, 24.9),
    Vector3.new(-1453.7, -56.0, 27.5),
    Vector3.new(-1453.7, -56.0, 30.0),
    Vector3.new(-1453.7, -56.0, 34.0),
    Vector3.new(-1453.7, -56.0, 36.7),
    Vector3.new(-1453.7, -56.0, 39.4),
    Vector3.new(-1453.7, -56.0, 41.9),
    Vector3.new(-1453.7, -56.0, 44.5),
    Vector3.new(-1453.7, -56.0, 47.1),
    Vector3.new(-1453.7, -56.0, 49.8),
    Vector3.new(-1453.7, -56.0, 52.4),
    Vector3.new(-1453.7, -56.0, 55.0),
    Vector3.new(-1453.7, -56.0, 57.6),
    Vector3.new(-1453.7, -55.9, 60.1),
    Vector3.new(-1453.7, -55.9, 62.7),
    Vector3.new(-1453.7, -55.9, 65.3),
    Vector3.new(-1453.7, -55.9, 68.0),
    Vector3.new(-1453.7, -55.9, 70.6),
    Vector3.new(-1453.7, -55.9, 73.2),
    Vector3.new(-1453.7, -55.9, 75.8),
    Vector3.new(-1453.7, -55.9, 78.5),
    Vector3.new(-1453.7, -55.9, 84.6),
    Vector3.new(-1453.7, -52.9, 84.6),
    Vector3.new(-1453.7, -50.1, 84.6),
    Vector3.new(-1453.7, -47.5, 84.6),
    Vector3.new(-1453.7, -44.8, 84.6),
    Vector3.new(-1453.7, -42.1, 84.6),
    Vector3.new(-1453.7, -39.4, 84.6),
    Vector3.new(-1453.7, -36.7, 84.6),
    Vector3.new(-1453.7, -34.1, 84.6),
    Vector3.new(-1453.7, -31.4, 84.6),
    Vector3.new(-1453.7, -28.8, 84.6),
    Vector3.new(-1453.7, -26.2, 84.6),
    Vector3.new(-1453.7, -23.5, 84.6),
    Vector3.new(-1453.7, -20.8, 84.6),
    Vector3.new(-1453.7, -18.2, 84.6),
    Vector3.new(-1453.7, -15.6, 84.6),
    Vector3.new(-1453.7, -12.9, 84.6),
    Vector3.new(-1453.7, -10.3, 84.6),
    Vector3.new(-1453.7, -7.7, 84.6),
    Vector3.new(-1453.7, -4.8, 84.6),
    Vector3.new(-1453.7, -1.2, 84.6),
    Vector3.new(-1453.7, 1.4, 84.6),
    Vector3.new(-1453.7, 4.0, 84.6),
    Vector3.new(-1453.7, 6.6, 84.6),
    Vector3.new(-1453.7, 9.3, 84.6),
    Vector3.new(-1453.7, 12.0, 84.6),
    Vector3.new(-1453.7, 14.9, 84.6),
    Vector3.new(-1453.7, 17.7, 84.6),
    Vector3.new(-1453.7, 20.3, 84.6),
    Vector3.new(-1453.7, 22.9, 84.6),
    Vector3.new(-1453.7, 25.6, 84.6),
    Vector3.new(-1453.7, 28.3, 84.6),
    Vector3.new(-1453.7, 30.9, 84.6),
    Vector3.new(-1453.7, 33.7, 84.6),
    Vector3.new(-1453.7, 36.3, 84.6),
    Vector3.new(-1453.7, 39.0, 84.6),
    Vector3.new(-1453.7, 41.6, 84.6),
    Vector3.new(-1453.7, 44.3, 84.6),
    Vector3.new(-1453.7, 46.9, 84.6),
    Vector3.new(-1453.7, 49.7, 84.6),
    Vector3.new(-1453.7, 52.3, 84.6),
    Vector3.new(-1453.7, 55.0, 84.6),
    Vector3.new(-1453.7, 57.7, 84.6),
    Vector3.new(-1453.7, 60.4, 84.6),
    Vector3.new(-1453.7, 63.0, 84.6),
    Vector3.new(-1453.7, 65.7, 84.6),
    Vector3.new(-1453.7, 68.4, 84.6),
    Vector3.new(-1453.7, 71.0, 84.6),
    Vector3.new(-1453.7, 73.7, 84.6),
    Vector3.new(-1453.7, 76.4, 84.6),
    Vector3.new(-1453.7, 79.2, 84.6),
    Vector3.new(-1453.7, 81.9, 84.6),
    Vector3.new(-1453.7, 84.5, 84.6),
    Vector3.new(-1453.7, 89.3, 84.6),
    Vector3.new(-1453.7, 89.8, 87.6),
    Vector3.new(-1453.8, 90.4, 90.7),
    Vector3.new(-1453.8, 91.1, 94.8),
    Vector3.new(-1450.9, 91.1, 94.4),
    Vector3.new(-1448.3, 91.1, 93.9),
    Vector3.new(-1445.6, 91.1, 93.5),
    Vector3.new(-1442.9, 91.1, 93.1),
    Vector3.new(-1440.2, 91.1, 92.7),
    Vector3.new(-1434.1, 91.1, 91.7),
    Vector3.new(-1434.1, 93.8, 91.8),
    Vector3.new(-1434.1, 96.4, 91.9),
    Vector3.new(-1434.1, 99.1, 91.9),
    Vector3.new(-1434.1, 101.7, 92.0),
    Vector3.new(-1434.1, 104.5, 92.1),
    Vector3.new(-1434.1, 107.3, 92.2),
    Vector3.new(-1434.1, 110.1, 92.3),
    Vector3.new(-1434.1, 112.7, 92.4),
    Vector3.new(-1434.1, 115.6, 92.5),
    Vector3.new(-1434.1, 118.5, 92.5),
    Vector3.new(-1434.1, 121.7, 92.6),
    Vector3.new(-1434.1, 124.4, 92.7),
    Vector3.new(-1434.1, 129.4, 92.9),
    Vector3.new(-1434.1, 132.9, 93.0),
    Vector3.new(-1434.1, 135.5, 93.1),
    Vector3.new(-1434.1, 138.1, 93.1),
    Vector3.new(-1434.1, 140.7, 93.2),
    Vector3.new(-1434.1, 143.3, 93.3),
    Vector3.new(-1434.1, 150.6, 93.5),
    Vector3.new(-1434.0, 154.3, 93.7),
    Vector3.new(-1434.0, 157.1, 93.7),
    Vector3.new(-1434.0, 159.9, 93.8),
    Vector3.new(-1434.0, 162.6, 93.9),
    Vector3.new(-1434.0, 165.2, 94.0),
    Vector3.new(-1434.0, 168.0, 94.1),
    Vector3.new(-1434.0, 170.7, 94.2),
    Vector3.new(-1434.0, 173.3, 94.2),
    Vector3.new(-1434.0, 176.0, 94.3),
    Vector3.new(-1434.0, 178.8, 94.4),
    Vector3.new(-1434.0, 181.5, 94.5),
    Vector3.new(-1434.0, 184.2, 94.6),
    Vector3.new(-1434.0, 187.0, 94.7),
    Vector3.new(-1434.0, 189.7, 94.7),
    Vector3.new(-1434.0, 192.5, 94.8),
    Vector3.new(-1434.0, 195.2, 94.9),
    Vector3.new(-1434.0, 198.2, 95.0),
    Vector3.new(-1434.0, 201.0, 95.1),
    Vector3.new(-1434.0, 203.7, 95.2),
    Vector3.new(-1434.0, 206.5, 95.3),
    Vector3.new(-1434.0, 211.0, 95.4),
    Vector3.new(-1434.1, 212.5, 97.1),
    Vector3.new(-1434.2, 216.1, 101.1),
    Vector3.new(-1435.8, 216.1, 103.6),
    Vector3.new(-1437.3, 216.1, 106.0),
    Vector3.new(-1438.7, 216.1, 108.3),
    Vector3.new(-1440.2, 216.1, 110.7),
    Vector3.new(-1441.7, 216.1, 113.1),
    Vector3.new(-1443.2, 216.1, 115.5),
    Vector3.new(-1444.7, 216.1, 117.9),
    Vector3.new(-1446.2, 216.1, 120.3),
    Vector3.new(-1447.7, 216.1, 122.7),
    Vector3.new(-1449.2, 216.1, 125.1),
    Vector3.new(-1452.7, 216.1, 130.7),
    Vector3.new(-1452.7, 216.6, 133.5),
    Vector3.new(-1452.8, 217.0, 136.3),
    Vector3.new(-1452.8, 217.5, 139.1),
    Vector3.new(-1452.9, 218.0, 142.1),
    Vector3.new(-1452.9, 218.5, 144.9),
    Vector3.new(-1453.0, 219.0, 147.9),
    Vector3.new(-1453.1, 219.5, 150.9),
    Vector3.new(-1453.1, 220.0, 153.8),
    Vector3.new(-1453.2, 220.5, 156.8),
    Vector3.new(-1453.2, 220.9, 159.7),
    Vector3.new(-1453.3, 221.4, 162.7),
    Vector3.new(-1453.3, 221.9, 165.6),
    Vector3.new(-1453.4, 222.4, 168.6),
    Vector3.new(-1453.4, 222.9, 171.6),
    Vector3.new(-1453.5, 223.7, 176.3),
    Vector3.new(-1453.5, 223.7, 179.2),
    Vector3.new(-1453.6, 223.8, 182.2),
    Vector3.new(-1453.6, 223.8, 185.1),
    Vector3.new(-1453.7, 223.9, 188.0),
    Vector3.new(-1453.8, 223.9, 191.2),
    Vector3.new(-1453.8, 224.0, 194.3),
    Vector3.new(-1453.9, 224.0, 197.3),
    Vector3.new(-1453.9, 224.1, 200.1),
    Vector3.new(-1454.0, 224.1, 203.1),
    Vector3.new(-1454.0, 224.1, 205.9),
    Vector3.new(-1454.1, 224.2, 208.9),
    Vector3.new(-1454.1, 224.2, 211.9),
    Vector3.new(-1454.1, 224.3, 214.8),
    Vector3.new(-1454.2, 224.3, 218.0),
    Vector3.new(-1454.4, 224.5, 229.6),
    Vector3.new(-1454.4, 223.8, 237.6),
    Vector3.new(-1454.4, 223.3, 244.2),
    Vector3.new(-1454.5, 222.5, 253.9),
    Vector3.new(-1454.5, 222.0, 260.6),
    Vector3.new(-1454.5, 221.5, 266.4),
    Vector3.new(-1454.5, 221.0, 272.4),
    Vector3.new(-1454.5, 220.5, 278.9),
    Vector3.new(-1454.6, 220.0, 284.8),
    Vector3.new(-1454.6, 219.5, 290.8),
    Vector3.new(-1454.6, 219.1, 296.6),
    Vector3.new(-1454.6, 218.6, 302.5),
    Vector3.new(-1454.6, 218.1, 308.6),
    Vector3.new(-1454.6, 217.6, 315.0),
    Vector3.new(-1454.7, 217.0, 322.0),
    Vector3.new(-1454.7, 216.3, 330.9),
    Vector3.new(-1454.7, 215.9, 335.3),
    Vector3.new(-1463.4, 215.1, 333.8),
    Vector3.new(-1470.6, 214.5, 332.6),
    Vector3.new(-1480.3, 213.6, 331.0),
    Vector3.new(-1480.3, 215.6, 331.0),
    Vector3.new(-1480.3, 217.6, 331.0)
}
